# Wavelength [um]       Fp [W/m2/m]  
1.000553076518779783e-01 2.892722283225046243e-09
1.004555288824854897e-01 9.875791822923810265e-52
1.008573509980154326e-01 3.605625995862469917e-49
1.012607804020075053e-01 7.244499290683303198e-49
1.016658235236155422e-01 1.354915557586079248e-51
1.020724868177099870e-01 3.616425587761077783e-34
1.024807767649808382e-01 2.666778505940596397e-37
1.028906998720407612e-01 1.200865507813808590e-47
1.033022626715289355e-01 2.293752423444526097e-31
1.037154717222150413e-01 1.013549055727947792e-49
1.041303336091038839e-01 1.276364880485039508e-45
1.045468549435403099e-01 6.898705549442144459e-43
1.049650423633144702e-01 6.766008213299409266e-51
1.053849025327677214e-01 8.541846610114998253e-37
1.058064421428987906e-01 4.181450879271191415e-47
1.062296679114703990e-01 3.235065030470932932e-36
1.066545865831162732e-01 4.228272341245738631e-41
1.070812049294487533e-01 5.825241017696913487e-43
1.075095297491665408e-01 6.039225293310867449e-32
1.079395678681632220e-01 5.110458252921177818e-43
1.083713261396358624e-01 2.424277836587678368e-30
1.088048114441943909e-01 2.572582896399261996e-33
1.092400306899711654e-01 1.117189100414793282e-20
1.096769908127310511e-01 1.937524430565595536e-32
1.101156987759819850e-01 8.534598032108900474e-34
1.105561615710859147e-01 5.919319578615072808e-21
1.109983862173702651e-01 1.195278351771977926e-24
1.114423797622397516e-01 4.809806298672098548e-29
1.118881492812886930e-01 6.471393029278275904e-33
1.123357018784138517e-01 4.313531384389276068e-29
1.127850446859275102e-01 2.126523924174894288e-17
1.132361848646712132e-01 1.414007680092912674e-19
1.136891296041298988e-01 4.036423986229137119e-19
1.141438861225464035e-01 9.694414701293823670e-19
1.146004616670366072e-01 3.035325370860135079e-18
1.150588635137047705e-01 3.820240139888884898e-19
1.155190989677595953e-01 2.232151188378245240e-19
1.159811753636306314e-01 1.576835442829719481e-19
1.164451000650851553e-01 6.517794884603051084e-23
1.169108804653455069e-01 1.155034697924735248e-22
1.173785239872068981e-01 4.961929714763576057e-26
1.178480380831557206e-01 6.520219085537607373e-27
1.183194302354883543e-01 4.612725155690689634e-24
1.187927079564302935e-01 2.334659571011655016e-28
1.192678787882560099e-01 5.158721467445233442e-28
1.197449503034090645e-01 8.091044828450629266e-28
1.202239301046226783e-01 2.162294241488961812e-31
1.207048258250411760e-01 5.126504037152838935e-25
1.211876451283413342e-01 9.623226887586941574e-28
1.216723957088547137e-01 2.201205792278982357e-27
1.221590852916901310e-01 1.536631907265318510e-23
1.226477216328568792e-01 2.461961135869926608e-21
1.231383125193883099e-01 1.115035265558788763e-26
1.236308657694658586e-01 1.155220958405084487e-23
1.241253892325437369e-01 1.950699258265776318e-23
1.246218907894739159e-01 1.342033127191299223e-26
1.251203783526317892e-01 8.541820924397663357e-27
1.256208598660423226e-01 1.695580469202559923e-20
1.261233433055065078e-01 4.987042617803611705e-21
1.266278366787285392e-01 2.124906591802704090e-27
1.271343480254434610e-01 2.131823855399504370e-21
1.276428854175452321e-01 9.035798861387694479e-22
1.281534569592154005e-01 2.824686055542101601e-25
1.286660707870522780e-01 9.324202531865300500e-23
1.291807350702004475e-01 2.219728161528072641e-21
1.296974580104812425e-01 1.472959785051694036e-21
1.302162478425231973e-01 3.674994969270962045e-22
1.307371128338932764e-01 3.511508305939456137e-19
1.312600612852288795e-01 1.218735223003357839e-19
1.317851015303697915e-01 3.276816281902417687e-19
1.323122419364912705e-01 4.996040279289275495e-18
1.328414909042372472e-01 2.083210092946997078e-17
1.333728568678542170e-01 1.100664481321498399e-17
1.339063482953256612e-01 3.597940368994525348e-19
1.344419736885069383e-01 1.013432985902876518e-17
1.349797415832609815e-01 1.296248473565696444e-16
1.355196605495940232e-01 7.631838623676828350e-17
1.360617391917924301e-01 2.680597333706504576e-16
1.366059861485595939e-01 4.862658706642699545e-17
1.371524100931538481e-01 9.847429506633702304e-19
1.377010197335264696e-01 2.592402046961876493e-17
1.382518238124605670e-01 1.191465786688446230e-14
1.388048311077104136e-01 9.961909011954368158e-16
1.393600504321412248e-01 8.380834198827533817e-17
1.399174906338697677e-01 5.462671359960296560e-17
1.404771605964052761e-01 1.016133732143747659e-14
1.410390692387908651e-01 9.299158794134490651e-16
1.416032255157460562e-01 3.664309223666026663e-14
1.421696384178090522e-01 1.601728754208394918e-18
1.427383169714803168e-01 7.568629042372441052e-15
1.433092702393662099e-01 1.251584713049975646e-12
1.438825073203236771e-01 1.962756269958486440e-14
1.444580373496049674e-01 1.562102246673007142e-12
1.450358694990033503e-01 2.997768086302366586e-14
1.456160129769993872e-01 7.793308510415366713e-13
1.461984770289073976e-01 8.143458546526203408e-12
1.467832709370230082e-01 1.237652797261382184e-13
1.473704040207710897e-01 5.163205647137249555e-12
1.479598856368541382e-01 1.304494180798142859e-14
1.485517251794015725e-01 7.793933256990414044e-13
1.491459320801191979e-01 5.299861289621252107e-12
1.497425158084396690e-01 2.323537709124408807e-13
1.503414858716734248e-01 6.556148840143079241e-10
1.509428518151600951e-01 2.866659489741919905e-12
1.515466232224207677e-01 4.890289851397715991e-13
1.521528097153104220e-01 8.761404392629630196e-09
1.527614209541716672e-01 4.540996907877241261e-11
1.533724666379883694e-01 4.054844967805624088e-10
1.539859565045403056e-01 7.742096313591937383e-09
1.546019003305584838e-01 2.306359616782171464e-14
1.552203079318807133e-01 2.147621526469780156e-09
1.558411891636082569e-01 4.856753139896167464e-09
1.564645539202626778e-01 4.136113652189305260e-10
1.570904121359437411e-01 6.977074596754515505e-09
1.577187737844875093e-01 3.726374041565369031e-09
1.583496488796254653e-01 1.000734613301604001e-08
1.589830474751439959e-01 2.361611813678530825e-08
1.596189796650445414e-01 4.263994183882217817e-09
1.602574555837047166e-01 1.318106163593441043e-08
1.608984854060395708e-01 3.205264309307192523e-08
1.615420793476636807e-01 1.112641798314232620e-08
1.621882476650543525e-01 4.234839791287854953e-08
1.628370006557145755e-01 4.426820192480549180e-08
1.634883486583374457e-01 6.143772528462558844e-08
1.641423020529707844e-01 1.389591820762327987e-07
1.647988712611826723e-01 7.624729098214649552e-08
1.654580667462274002e-01 3.859033645018266365e-08
1.661198990132123077e-01 1.771897685580962373e-07
1.667843786092651215e-01 1.869901589372039451e-07
1.674515161237022098e-01 3.001231747162927131e-07
1.681213221881969755e-01 7.061973567576978132e-07
1.687938074769497754e-01 8.002217777015414750e-07
1.694689827068575905e-01 3.846731996922226150e-06
1.701468586376850278e-01 1.968738398993087313e-06
1.708274460722357391e-01 1.275113341924525117e-06
1.715107558565246715e-01 2.502754191339872761e-06
1.721967988799507909e-01 1.611946636061790582e-06
1.728855860754705820e-01 3.567166171654204751e-06
1.735771284197724640e-01 4.109884803956664698e-06
1.742714369334515678e-01 4.904212094586923977e-06
1.749685226811853456e-01 9.387094106026999058e-06
1.756683967719100681e-01 2.167507581518978731e-05
1.763710703589977391e-01 5.019259379352100252e-05
1.770765546404337309e-01 2.712094517752509828e-05
1.777848608589954471e-01 1.822611252104989603e-05
1.784960003024314568e-01 3.921787670418574372e-05
1.792099843036411844e-01 2.448691426425708063e-05
1.799268242408557650e-01 7.731714836102126815e-05
1.806465315378191772e-01 6.183020994660458499e-05
1.813691176639704306e-01 7.991253278558277222e-05
1.820945941346263086e-01 1.861143695303750230e-04
1.828229725111648329e-01 2.817065458593154877e-04
1.835542644012094771e-01 1.147795985819586104e-04
1.842884814588143239e-01 3.648772525561992035e-04
1.850256353846495561e-01 5.828813207963822341e-04
1.857657379261881403e-01 3.357596838052326338e-04
1.865088008778928996e-01 9.666573944353596976e-04
1.872548360814044743e-01 9.186661075581928782e-04
1.880038554257300876e-01 6.097878351544769142e-04
1.887558708474330049e-01 1.768210722968479665e-03
1.895108943308226879e-01 1.557530819222350009e-03
1.902689379081460019e-01 1.324509730076320986e-03
1.910300136597785636e-01 3.644885491232090213e-03
1.917941337144176972e-01 2.943848838036294217e-03
1.925613102492753359e-01 3.535096972174767496e-03
1.933315554902724498e-01 7.097125537942914307e-03
1.941048817122335568e-01 6.823966733090919452e-03
1.948813012390824828e-01 7.074246827219181355e-03
1.956608264440388156e-01 1.411999363191224731e-02
1.964434697498149418e-01 1.034294250435256052e-02
1.972292436288141937e-01 1.362289172507754470e-02
1.980181606033294406e-01 2.398444389187706985e-02
1.988102332457427346e-01 2.173320414076516938e-02
1.996054741787257336e-01 2.085737190337154379e-02
2.004038960754406518e-01 3.119163984419711516e-02
2.012055116597424309e-01 3.417711799051176974e-02
2.020103337063813842e-01 3.360347365686675025e-02
2.028183750412069219e-01 2.545321329253515466e-02
2.036296485413717494e-01 4.703443855600990264e-02
2.044441671355372303e-01 4.448446982905841784e-02
2.052619438040793887e-01 6.519545294163496540e-02
2.060829915792957157e-01 6.696026736580831806e-02
2.069073235456129201e-01 7.043824574369171587e-02
2.077349528397953449e-01 7.918204618154041363e-02
2.085658926511545219e-01 9.881314138231360455e-02
2.094001562217591150e-01 1.076305292057622431e-01
2.102377568466461677e-01 1.159799678343438473e-01
2.110787078740327671e-01 1.021321113053935553e-01
2.119230227055288740e-01 1.405393208082709178e-01
2.127707147963510126e-01 1.600369621148316213e-01
2.136217976555363773e-01 1.935969257936432930e-01
2.144762848461585492e-01 1.321544641319933322e-01
2.153341899855431840e-01 2.177857813503155382e-01
2.161955267454853669e-01 2.903186815356147421e-01
2.170603088524672986e-01 3.391684662486357804e-01
2.179285500878772042e-01 2.593600010052069527e-01
2.188002642882286852e-01 3.068511110633737049e-01
2.196754653453815986e-01 5.182800281849648805e-01
2.205541672067631020e-01 4.839382683865894874e-01
2.214363838755901703e-01 8.885162055639496126e-01
2.223221294110925284e-01 4.868906977390194402e-01
2.232114179287369160e-01 1.544491712486436352e+00
2.241042636004518529e-01 1.043000844721667653e+00
2.250006806548536520e-01 2.507656196422820560e+00
2.259006833774730438e-01 1.517864150813911461e+00
2.268042861109829667e-01 2.512114254320801709e+00
2.277115032554268836e-01 3.048721649200097250e+00
2.286223492684485714e-01 3.675750651036621353e+00
2.295368386655223802e-01 7.133942116542756118e+00
2.304549860201844658e-01 2.415317158637738437e+00
2.313768059642651864e-01 7.882358711584808830e+00
2.323023131881222503e-01 7.786810918943484872e+00
2.332315224408747223e-01 1.353235159700684065e+01
2.341644485306381973e-01 1.398677935338430522e+01
2.351011063247607502e-01 5.574641933532237914e+00
2.360415107500598020e-01 1.552713288135932679e+01
2.369856767930600405e-01 6.487850462192456646e+00
2.379336195002322851e-01 2.180314542297615787e+01
2.388853539782332114e-01 1.879930160537857731e+01
2.398408953941461863e-01 3.947485581721292647e+01
2.408002589757227141e-01 5.159641913129976842e+01
2.417634600116256582e-01 2.448218087724809777e+01
2.427305138516721306e-01 7.362090124607480845e+01
2.437014359070788505e-01 7.940624582106951834e+01
2.446762416507071713e-01 1.537370647981468608e+02
2.456549466173099938e-01 1.047501631427013109e+02
2.466375664037792625e-01 1.387287319671151522e+02
2.476241166693943785e-01 1.935583599494524947e+02
2.486146131360719436e-01 7.258074904540086436e+01
2.496090715886161993e-01 1.738452442929442725e+02
2.506075078749706586e-01 1.655794929141194132e+02
2.516099379064705155e-01 2.311892519479382315e+02
2.526163776580964138e-01 4.404508386837257490e+02
2.536268431687287994e-01 6.326331959287455220e+02
2.546413505414037437e-01 8.035138083472587596e+02
2.556599159435693491e-01 6.091635894824099751e+02
2.566825556073435988e-01 4.701026236306068427e+02
2.577092858297729827e-01 6.648029713995861130e+02
2.587401229730920682e-01 5.719223905013509466e+02
2.597750834649844576e-01 9.534561998613663718e+02
2.608141837988444123e-01 1.128281580329138251e+03
2.618574405340398092e-01 1.588058310992141969e+03
2.629048702961759298e-01 2.143022027611527392e+03
2.639564897773606367e-01 2.132663261361280092e+03
2.650123157364701054e-01 2.184271224597063792e+03
2.660723649994159445e-01 2.456341435439181623e+03
2.671366544594135917e-01 2.431885772246128909e+03
2.682052010772512096e-01 3.435854004201023145e+03
2.692780218815602478e-01 3.670292768433260790e+03
2.703551339690865030e-01 4.799103365776881219e+03
2.714365545049627904e-01 5.568341843608566705e+03
2.725223007229827243e-01 6.084622137229423060e+03
2.736123899258746106e-01 6.729560165815454639e+03
2.747068394855781692e-01 7.995718307938033831e+03
2.758056668435204806e-01 8.337839203671168434e+03
2.769088895108945403e-01 1.004457663283138390e+04
2.780165250689380918e-01 1.069079509227085146e+04
2.791285911692138466e-01 1.208844561089811759e+04
2.802451055338907038e-01 1.287833122519263452e+04
2.813660859560263017e-01 1.282903507681338306e+04
2.824915502998503469e-01 1.131255098820196326e+04
2.836215165010497197e-01 6.787228447827076707e+03
2.847560025670539119e-01 1.413551757111762072e+03
2.858950265773221866e-01 2.486225549601748298e+03
2.870386066836315142e-01 1.117036354238448621e+04
2.881867611103660631e-01 2.111079116128775786e+04
2.893395081548075787e-01 2.909823293106769415e+04
2.904968661874267610e-01 3.587451998534679296e+04
2.916588536521764197e-01 4.273422232837845513e+04
2.928254890667851273e-01 4.929027124331839877e+04
2.939967910230522619e-01 5.604092414249185094e+04
2.951727781871444911e-01 6.323638095683448046e+04
2.963534692998930908e-01 7.087837568768786150e+04
2.975388831770926501e-01 7.906117392336572811e+04
2.987290387098009981e-01 8.825383940904382325e+04
2.999239548646402409e-01 9.778677145421036403e+04
3.011236506840988536e-01 9.465735620292973181e+04
3.023281452868351593e-01 1.038400214224697993e+05
3.035374578679824742e-01 7.201817092923492601e+04
3.047516076994544187e-01 1.264901137978921324e+05
3.059706141302522830e-01 1.417094331298480101e+05
3.071944965867733357e-01 1.555641539364956843e+05
3.084232745731204095e-01 1.663500572207337827e+05
3.096569676714128194e-01 1.133395991075406200e+05
3.108955955420985018e-01 1.229042571310829808e+05
3.121391779242668751e-01 2.133307817574507499e+05
3.133877346359639215e-01 2.355095857719266787e+05
3.146412855745078230e-01 2.525846806116507796e+05
3.158998507168058190e-01 2.680010877337918500e+05
3.171634501196730627e-01 2.796915191520837252e+05
3.184321039201517545e-01 2.825328799771838239e+05
3.197058323358323295e-01 2.726803017883466091e+05
3.209846556651756444e-01 1.842443157194817904e+05
3.222685942878363852e-01 1.010638619709133636e+05
3.235576686649877520e-01 2.019409839139250980e+05
3.248518993396476984e-01 1.480481731399234850e+05
3.261513069370062801e-01 7.306522446433927689e+04
3.274559121647543369e-01 1.641458561351803291e+04
3.287657358134133401e-01 6.773112164126595189e+02
3.300807987566670154e-01 5.422194791083263521e-01
3.314011219516936890e-01 9.113169244783706802e+01
3.327267264395004642e-01 7.817424922451436032e+03
3.340576333452584534e-01 7.202277694757399149e+04
3.353938638786395088e-01 2.268098942550957727e+05
3.367354393341540630e-01 4.377965943336039782e+05
3.380823810914907468e-01 6.659095260134679265e+05
3.394347106158566718e-01 8.882186819861691911e+05
3.407924494583201014e-01 1.086725279078552732e+06
3.421556192561533982e-01 1.209377997788599692e+06
3.435242417331779707e-01 9.058113906460152939e+05
3.448983387001106626e-01 1.291209153612546215e+05
3.462779320549111417e-01 1.381417813708971953e+06
3.476630437831307319e-01 2.043733775315616978e+06
3.490536959582632992e-01 2.401508399236451834e+06
3.504499107420963600e-01 2.767910267308885697e+06
3.518517103850647421e-01 3.079424599617875647e+06
3.532591172266050239e-01 3.443568861412668601e+06
3.546721536955114717e-01 3.865318892292523757e+06
3.560908423102934761e-01 4.100539370595554356e+06
3.575152056795346533e-01 4.414871454890155233e+06
3.589452665022527800e-01 4.904739994931904599e+06
3.603810475682617254e-01 5.404436303969262168e+06
3.618225717585348278e-01 5.814579008026326075e+06
3.632698620455689364e-01 6.313677581247732043e+06
3.647229414937512293e-01 6.816264063811944798e+06
3.661818332597261971e-01 7.483432132613546215e+06
3.676465605927651259e-01 7.838430744606889784e+06
3.691171468351361895e-01 8.478399867984704673e+06
3.705936154224767076e-01 9.054289915329420939e+06
3.720759898841666247e-01 9.738228489018201828e+06
3.735642938437032656e-01 1.049982283547631092e+07
3.750585510190780902e-01 1.132759330541070178e+07
3.765587852231543908e-01 1.231734061419281736e+07
3.780650203640470441e-01 1.349378250945656002e+07
3.795772804455032068e-01 1.438545770997569151e+07
3.810955895672852312e-01 1.546344275403303094e+07
3.826199719255543585e-01 1.630004694863724895e+07
3.841504518132565771e-01 1.759880740004506335e+07
3.856870536205096456e-01 1.868964987631017715e+07
3.872298018349916715e-01 2.006514591725544259e+07
3.887787210423316320e-01 2.142523340695913509e+07
3.903338359265008939e-01 2.294844017089492455e+07
3.918951712702069545e-01 2.450306216579118744e+07
3.934627519552877928e-01 2.621482328736089915e+07
3.950366029631089404e-01 2.890247327767995000e+07
3.966167493749613859e-01 3.063306655200826377e+07
3.982032163724612550e-01 3.203708223063311726e+07
3.997960292379510450e-01 3.152774110449070483e+07
4.013952133549028578e-01 2.679365763594947383e+07
4.030007942083224659e-01 1.069763255710540339e+07
4.046127973851557647e-01 1.400334881909262622e+05
4.062312485746963908e-01 1.153212289609882981e+07
4.078561735689951728e-01 3.430669120132003725e+07
4.094875982632711353e-01 4.687045797101337463e+07
4.111255486563242245e-01 5.477102695783636719e+07
4.127700508509495880e-01 6.011868884132316709e+07
4.144211310543532978e-01 6.499312675147175789e+07
4.160788155785707931e-01 7.039440728209367394e+07
4.177431308408850463e-01 7.393566419869080186e+07
4.194141033642486138e-01 7.744260222105698287e+07
4.210917597777056320e-01 7.997045981024350226e+07
4.227761268168164221e-01 8.461151860203292966e+07
4.244672313240837602e-01 9.118732176274830103e+07
4.261651002493800910e-01 9.958074779646056890e+07
4.278697606503775730e-01 1.075812489436324388e+08
4.295812396929790666e-01 1.163552361099670380e+08
4.312995646517510107e-01 1.255635419050085694e+08
4.330247629103580187e-01 1.330895709408975095e+08
4.347568619619994745e-01 1.442517463886168599e+08
4.364958894098474596e-01 1.510073463750343025e+08
4.382418729674867897e-01 1.527220863467002809e+08
4.399948404593567730e-01 1.690715801584948003e+08
4.417548198211941890e-01 1.796708249176607132e+08
4.435218391004789873e-01 1.885036951371489465e+08
4.452959264568808750e-01 2.032432255096172988e+08
4.470771101627084021e-01 2.140626125924941897e+08
4.488654186033592119e-01 2.231617124672178626e+08
4.506608802777726241e-01 2.455573364057800770e+08
4.524635237988837710e-01 2.621679675073115528e+08
4.542733778940792333e-01 2.774639305573044419e+08
4.560904714056555065e-01 2.879548682964747548e+08
4.579148332912781894e-01 2.971333360134732723e+08
4.597464926244433370e-01 3.226837426606435180e+08
4.615854785949410899e-01 3.408597146875962019e+08
4.634318205093208576e-01 3.558473773963239193e+08
4.652855477913582227e-01 3.698391160976209044e+08
4.671466899825236219e-01 3.754148860366637111e+08
4.690152767424536906e-01 4.015372904086955786e+08
4.708913378494234969e-01 4.101348797215341330e+08
4.727749032008212171e-01 4.050300735912078619e+08
4.746660028136244769e-01 3.844341745306459665e+08
4.765646668248789131e-01 3.484200144827323556e+08
4.784709254921784560e-01 2.801202026399471760e+08
4.803848091941470555e-01 2.178407635984951556e+08
4.823063484309236815e-01 1.527799479306016564e+08
4.842355738246474361e-01 1.030640988615317494e+08
4.861725161199459966e-01 7.065876346209393442e+07
4.881172061844257226e-01 5.034528368781783432e+07
4.900696750091634302e-01 3.717675400229261816e+07
4.920299537092001074e-01 2.648318327908166125e+07
4.939980735240369625e-01 1.761852090878089145e+07
4.959740658181330253e-01 1.089674001741182990e+07
4.979579620814056362e-01 6.164143302974312566e+06
4.999497939297311566e-01 3.353784158113539685e+06
5.019495931054501758e-01 1.799482553726817481e+06
5.039573914778719965e-01 1.103864325825072359e+06
5.059732210437835054e-01 8.553907972829728387e+05
5.079971139279585435e-01 7.990982477014248725e+05
5.100291023836703852e-01 7.812399892716553295e+05
5.120692187932051054e-01 7.323497525959978811e+05
5.141174956683780550e-01 6.763454878220078535e+05
5.161739656510514473e-01 6.430309536056983052e+05
5.182386615136556074e-01 6.126901083721565083e+05
5.203116161597103329e-01 5.636373096205417532e+05
5.223928626243490303e-01 5.130789709428529604e+05
5.244824340748465152e-01 4.729305154640931869e+05
5.265803638111459239e-01 4.311173376159221516e+05
5.286866852663905103e-01 3.884394788269944256e+05
5.308014320074561088e-01 3.551833033307401347e+05
5.329246377354859288e-01 3.250169056813052739e+05
5.350563362864277916e-01 2.951178057532553212e+05
5.371965616315735881e-01 2.722328734957409906e+05
5.393453478780998456e-01 2.512038132809153758e+05
5.415027292696121819e-01 2.287352125117620162e+05
5.436687401866906466e-01 2.111772992508595926e+05
5.458434151474373941e-01 1.940933887550635845e+05
5.480267888080271321e-01 1.761165283961238456e+05
5.502188959632591247e-01 1.616470616796343820e+05
5.524197715471121928e-01 1.480152519843232585e+05
5.546294506333006025e-01 1.340628882339016418e+05
5.568479684358338400e-01 1.220176392072087328e+05
5.590753603095770519e-01 1.112566729126440041e+05
5.613116617508153716e-01 9.978441926308204711e+04
5.635569083978186899e-01 9.020961541707540164e+04
5.658111360314097560e-01 7.959387953576107975e+04
5.680743805755354980e-01 6.956169100882016937e+04
5.703466780978375672e-01 6.045466499539156939e+04
5.726280648102289872e-01 5.160334728680094850e+04
5.749185770694699160e-01 4.308052615093003988e+04
5.772182513777477375e-01 3.535050095153735310e+04
5.795271243832587071e-01 2.870751177061221824e+04
5.818452328807918184e-01 2.325905608194103115e+04
5.841726138123150003e-01 1.879672317830750399e+04
5.865093042675643131e-01 1.125912369208819837e+04
5.888553414846344758e-01 4.951513967409837278e+03
5.912107628505729462e-01 8.474759923991912729e+03
5.935756059019753339e-01 2.169843804090302729e+04
5.959499083255832552e-01 3.722227637873541244e+04
5.983337079588855190e-01 5.807712640873875353e+04
6.007270427907210886e-01 9.084539839905047847e+04
6.031299509618840426e-01 1.421317558628099505e+05
6.055424707657315331e-01 2.123494062287758861e+05
6.079646406487945187e-01 3.060930458992446074e+05
6.103964992113897203e-01 4.338226777447339846e+05
6.128380852082353503e-01 6.061289931477512000e+05
6.152894375490681744e-01 8.367815530486804200e+05
6.177505952992645710e-01 1.141332334594851360e+06
6.202215976804615893e-01 1.535867355023201089e+06
6.227024840711834486e-01 2.049845188335971208e+06
6.251932940074681477e-01 2.722124454981450923e+06
6.276940671834980723e-01 3.587088570934716612e+06
6.302048434522321552e-01 4.720652377390140668e+06
6.327256628260409244e-01 6.158981922835520469e+06
6.352565654773452142e-01 7.955755154175058939e+06
6.377975917392545435e-01 1.020859060054253787e+07
6.403487821062116003e-01 1.301523403354409523e+07
6.429101772346363930e-01 1.647387806705578975e+07
6.454818179435749537e-01 2.064499251444835961e+07
6.480637452153492628e-01 2.596455929009586945e+07
6.506560001962106154e-01 3.283899896864235401e+07
6.532586241969955410e-01 4.135045133527395129e+07
6.558716586937833881e-01 5.182088111707224697e+07
6.584951453285585732e-01 6.469040109068226069e+07
6.611291259098727169e-01 8.084419305708353221e+07
6.637736424135122215e-01 1.006831285747974217e+08
6.664287369831662922e-01 1.246865529285066724e+08
6.690944519310989547e-01 1.529863208536590934e+08
6.717708297388232941e-01 1.865675797430821955e+08
6.744579130577786907e-01 2.256506967332254350e+08
6.771557447100098326e-01 2.677832797722502649e+08
6.798643676888498355e-01 3.092990873011912107e+08
6.825838251596052508e-01 3.449160392137655020e+08
6.853141604602436265e-01 3.689806556357740164e+08
6.880554171020846210e-01 3.764581408170592189e+08
6.908076387704928933e-01 3.610083267880491018e+08
6.935708693255748791e-01 3.373104004965018630e+08
6.963451528028771209e-01 3.558248410583592057e+08
6.991305334140887062e-01 3.675680175417973399e+08
7.019270555477450380e-01 3.851030215080029964e+08
7.047347637699360456e-01 4.165116990159317851e+08
7.075537028250157290e-01 4.486676255319566131e+08
7.103839176363159202e-01 4.782949809768388271e+08
7.132254533068611568e-01 5.051682470708169341e+08
7.160783551200886610e-01 4.878676625503959060e+08
7.189426685405689854e-01 5.005602896812115312e+08
7.218184392147313222e-01 5.178895263437837362e+08
7.247057129715901436e-01 5.045009819820232391e+08
7.276045358234763949e-01 5.059007951328830719e+08
7.305149539667704639e-01 4.686680284868939519e+08
7.334370137826373703e-01 4.658925596987570524e+08
7.363707618377679509e-01 4.389062442099162340e+08
7.393162448851190449e-01 4.203388978824830055e+08
7.422735098646596752e-01 3.975577998803040981e+08
7.452426039041182282e-01 3.727896527792125940e+08
7.482235743197346300e-01 3.483089131503155231e+08
7.512164686170136330e-01 3.136752609554541707e+08
7.542213344914817652e-01 2.838906692364426255e+08
7.572382198294477229e-01 2.509526898508116007e+08
7.602671727087656484e-01 1.976510023567937911e+08
7.633082413996006288e-01 1.002186428743256181e+08
7.663614743651989691e-01 1.249654132714019716e+07
7.694269202626597970e-01 1.700670296827575192e+07
7.725046279437104424e-01 7.930736573149296641e+07
7.755946464554852593e-01 1.779306409503517151e+08
7.786970250413072225e-01 2.949307285237803459e+08
7.818118131414724115e-01 4.109139781580342650e+08
7.849390603940383793e-01 5.294800822762054801e+08
7.880788166356144098e-01 6.672822870902842283e+08
7.912311319021569922e-01 8.294394894909986258e+08
7.943960564297655180e-01 1.020961391325598955e+09
7.975736406554845281e-01 1.224159385137286663e+09
8.007639352181065151e-01 1.458724260245511770e+09
8.039669909589789443e-01 1.705808845193474770e+09
8.071828589228148276e-01 1.919479026241995335e+09
8.104115903585061842e-01 2.049197650081375360e+09
8.136532367199402760e-01 2.260341710357675076e+09
8.169078496668199518e-01 2.723286178834383011e+09
8.201754810654874328e-01 2.818514345902140141e+09
8.234561829897493190e-01 3.405314198245734692e+09
8.267500077217083687e-01 4.238384471224329472e+09
8.300570077525952772e-01 4.551384915754234314e+09
8.333772357836056743e-01 5.260301634045249939e+09
8.367107447267401188e-01 5.723268865174877167e+09
8.400575877056470908e-01 6.505465119543725014e+09
8.434178180564695371e-01 7.338800342000082016e+09
8.467914893286955236e-01 8.264432273618387222e+09
8.501786552860102208e-01 9.258810734773860931e+09
8.535793699071543283e-01 1.052885358985015297e+10
8.569936873867830540e-01 1.182352866442733192e+10
8.604216621363300899e-01 1.235189747831719589e+10
8.638633487848753623e-01 1.011675096131698418e+10
8.673188021800150027e-01 1.216503353507639122e+10
8.707880773887352044e-01 1.241260163297624397e+10
8.742712296982900755e-01 1.349714361362476921e+10
8.777683146170831563e-01 1.469564048065557098e+10
8.812793878755513788e-01 1.631793877587288094e+10
8.848045054270535781e-01 1.855045308492183685e+10
8.883437234487617795e-01 1.913320741781867599e+10
8.918970983425568155e-01 1.604134990590713692e+10
8.954646867359271623e-01 1.793308757934287643e+10
8.990465454828707736e-01 1.847624931591546249e+10
9.026427316648023558e-01 2.279479201620488739e+10
9.062533025914615292e-01 2.487722506097140884e+10
9.098783158018273198e-01 2.585175616975147629e+10
9.135178290650346478e-01 2.496416043143689728e+10
9.171719003812948134e-01 2.257249035289375687e+10
9.208405879828199803e-01 2.648310016853809357e+10
9.245239503347512100e-01 2.491458155515995789e+10
9.282220461360901620e-01 8.393629986270960808e+09
9.319349343206346781e-01 9.710751280700544357e+09
9.356626740579171431e-01 9.955302829572557449e+09
9.394053247541488405e-01 1.210312102337027550e+10
9.431629460531654185e-01 1.279667768221161652e+10
9.469355978373780180e-01 1.406489985575152206e+10
9.507233402287275092e-01 1.358258493303137589e+10
9.545262335896426142e-01 1.602792581380762482e+10
9.583443385240012491e-01 1.232483315517432976e+10
9.621777158780971950e-01 1.483445947941288185e+10
9.660264267416096562e-01 1.552504384181591225e+10
9.698905324485760371e-01 1.665652470240303802e+10
9.737700945783701600e-01 1.641232831271576309e+10
9.776651749566835914e-01 1.713517077705834198e+10
9.815758356565105203e-01 1.848223419798463058e+10
9.855021389991363012e-01 2.072133481328308868e+10
9.894441475551331022e-01 2.468364013718681335e+10
9.934019241453534432e-01 2.604472186776511383e+10
9.973755318419349480e-01 2.720292852666191483e+10
1.001365033969302543e+00 2.411276215014056396e+10
1.005370494105179757e+00 2.853763441974566269e+10
1.009391976081600362e+00 3.090398614285887146e+10
1.013429543985926884e+00 3.607643033535714722e+10
1.017483262161870350e+00 4.220018685255783081e+10
1.021553195210518128e+00 4.695379351585614777e+10
1.025639407991360219e+00 5.143567147131421661e+10
1.029741965623325539e+00 5.706181486751317596e+10
1.033860933485818867e+00 6.214612060082420349e+10
1.037996377219762012e+00 6.730249950741360474e+10
1.042148362728641198e+00 7.018564779270591736e+10
1.046316956179555557e+00 7.391550300861273193e+10
1.050502224004274066e+00 7.700284997147633362e+10
1.054704232900291139e+00 8.113507120337527466e+10
1.058923049831892227e+00 8.206985231048760986e+10
1.063158742031219628e+00 8.593873476825274658e+10
1.067411376999344741e+00 8.573496545946879578e+10
1.071681022507342096e+00 8.715633298388421631e+10
1.075967746597371377e+00 8.812667570639024353e+10
1.080271617583760779e+00 8.966307985812765503e+10
1.084592704054095913e+00 8.391874150368968201e+10
1.088931074870312044e+00 6.390724999327614594e+10
1.093286799169793433e+00 3.576868967912878418e+10
1.097659946366472461e+00 2.892878136954194641e+10
1.102050586151938294e+00 2.417552346544922256e+10
1.106458788496546219e+00 1.956323427526947403e+10
1.110884623650532532e+00 1.566175211441921043e+10
1.115328162145134749e+00 1.238288227003800583e+10
1.119789474793714934e+00 1.372728114449262428e+10
1.124268632692889902e+00 1.486689015697414398e+10
1.128765707223661430e+00 1.679056971478548813e+10
1.133280770052556230e+00 8.149884934490348816e+09
1.137813893132766374e+00 1.237102374509173965e+10
1.142365148705297484e+00 1.338672109812205696e+10
1.146934609300118479e+00 1.594507685251402473e+10
1.151522347737319096e+00 1.325649991332240677e+10
1.156128437128268516e+00 1.232308904646746063e+10
1.160752950876781542e+00 1.270164666820411491e+10
1.165395962680288999e+00 1.390265343862568283e+10
1.170057546531009907e+00 1.310417064666606712e+10
1.174737776717134086e+00 1.229234018310121918e+10
1.179436727824002773e+00 1.516579511087680054e+10
1.184154474735298557e+00 1.955563059591436005e+10
1.188891092634239977e+00 2.248716121038272476e+10
1.193646657004777012e+00 2.914149694994149780e+10
1.198421243632796118e+00 3.276042785992708206e+10
1.203214928607327261e+00 3.788358046437430573e+10
1.208027788321756724e+00 4.571259010667875671e+10
1.212859899475043468e+00 4.676071252161090088e+10
1.217711339072943710e+00 5.417861855136296082e+10
1.222582184429235275e+00 5.744622822300601959e+10
1.227472513166952384e+00 6.538673966316516113e+10
1.232382403219620226e+00 7.033861913772639465e+10
1.237311932832498407e+00 7.812518838724891663e+10
1.242261180563828615e+00 7.317380955209013367e+10
1.247230225286083849e+00 9.076236488476062012e+10
1.252219146187228072e+00 7.835559939921374512e+10
1.257228022771976983e+00 9.918625299497958374e+10
1.262256934863064783e+00 9.478662380381958008e+10
1.267305962602517155e+00 9.483962332826058960e+10
1.272375186452927354e+00 8.891185021434492493e+10
1.277464687198738957e+00 9.158386810946446228e+10
1.282574545947533950e+00 8.463186061894073486e+10
1.287704844131324133e+00 7.885329235518746948e+10
1.292855663507849417e+00 7.615342281807249451e+10
1.298027086161880783e+00 7.049067927369757080e+10
1.303219194506528344e+00 6.833147680207917786e+10
1.308432071284554521e+00 6.233648021940392303e+10
1.313665799569692760e+00 5.727751466046423340e+10
1.318920462767971591e+00 5.118384001621566772e+10
1.324196144619043336e+00 4.101221758769300842e+10
1.329492929197519491e+00 2.332715091220149612e+10
1.334810900914309650e+00 6.580190775093384743e+09
1.340150144517967101e+00 3.495642278752429485e+09
1.345510745096038852e+00 2.206520130218226910e+09
1.350892788076423212e+00 1.754444566720662355e+09
1.356296359228728932e+00 1.201890178805497408e+09
1.361721544665643879e+00 1.246805104129806280e+09
1.367168430844306393e+00 1.930352384959133387e+09
1.372637104567683730e+00 1.458352637106468916e+09
1.378127652985954299e+00 2.084057670195146084e+09
1.383640163597898098e+00 1.739440275378601313e+09
1.389174724252289828e+00 2.002033392907032251e+09
1.394731423149298877e+00 1.696936297408680439e+09
1.400310348841896202e+00 1.683003404101062775e+09
1.405911590237263642e+00 1.873652291491437674e+09
1.411535236598212784e+00 1.523485413950709820e+09
1.417181377544605603e+00 1.610465738098154306e+09
1.422850103054784210e+00 1.568179602255465508e+09
1.428541503467003038e+00 1.956151807108010292e+09
1.434255669480871243e+00 1.824886796649339437e+09
1.439992692158794885e+00 2.212330409586090088e+09
1.445752662927429988e+00 2.604175135209833622e+09
1.451535673579139596e+00 3.616506779360882759e+09
1.457341816273456159e+00 5.010326234075226784e+09
1.463171183538549913e+00 4.326539406940427780e+09
1.469023868272704147e+00 4.235205749988049984e+09
1.474899963745795128e+00 4.966498173182915688e+09
1.480799563600778246e+00 6.018952433063628197e+09
1.486722761855181485e+00 5.968551751082359314e+09
1.492669652902602007e+00 6.985612215946622849e+09
1.498640331514212276e+00 7.809330516109709740e+09
1.504634892840269300e+00 8.384228254318189621e+09
1.510653432411630304e+00 1.006782054060551071e+10
1.516696046141276843e+00 1.186438627891952515e+10
1.522762830325842032e+00 1.285751953214618111e+10
1.528853881647145307e+00 1.474174413251171875e+10
1.534969297173733649e+00 1.651207961929695892e+10
1.541109174362428780e+00 1.867960719657297134e+10
1.547273611059878373e+00 2.300660955048081207e+10
1.553462705504118135e+00 2.497750580954904175e+10
1.559676556326134556e+00 2.869453459302587891e+10
1.565915262551438980e+00 3.182252730913665390e+10
1.572178923601644795e+00 3.496046553629065704e+10
1.578467639296051495e+00 3.960085821884223938e+10
1.584781509853235626e+00 4.490598677030624390e+10
1.591120635892648405e+00 4.556350474483334351e+10
1.597485118436219098e+00 4.954948397439287567e+10
1.603875058909963958e+00 5.090208639825862122e+10
1.610290559145603595e+00 4.861712071479954529e+10
1.616731721382186127e+00 4.834227209916275787e+10
1.623198648267714761e+00 4.530004708896803284e+10
1.629691442860785600e+00 4.301996875591993713e+10
1.636210208632228769e+00 4.739956536311307526e+10
1.642755049466757766e+00 5.119315228482633972e+10
1.649326069664624805e+00 5.161766146973483276e+10
1.655923373943283039e+00 5.001777898703435516e+10
1.662547067439056336e+00 4.960652624374971771e+10
1.669197255708812611e+00 3.526243668145552063e+10
1.675874044731648027e+00 4.108507150199563599e+10
1.682577540910574321e+00 5.005596380391577148e+10
1.689307851074216771e+00 4.327998620163950348e+10
1.696065082478513508e+00 3.608575604663120270e+10
1.702849342808427480e+00 3.345876936370113373e+10
1.709660740179661298e+00 3.393284317944284439e+10
1.716499383140379864e+00 2.385670236998111343e+10
1.723365380672941427e+00 2.475612188730587769e+10
1.730258842195633306e+00 1.828852169918557358e+10
1.737179877564415831e+00 1.599167090358141708e+10
1.744128597074673603e+00 1.506577212172009659e+10
1.751105111462972097e+00 1.417632556648344612e+10
1.758109531908824241e+00 1.235435165935652351e+10
1.765141970036459451e+00 9.951950006498285294e+09
1.772202537916605314e+00 7.788909407314340591e+09
1.779291348068271716e+00 7.157273605070800781e+09
1.786408513460544745e+00 6.234585676040247917e+09
1.793554147514387020e+00 4.366731366989196777e+09
1.800728364104444257e+00 5.164809731393210411e+09
1.807931277560862249e+00 3.879141541211811066e+09
1.815163002671105641e+00 4.895970859109623909e+09
1.822423654681789795e+00 4.669774088497515678e+09
1.829713349300517100e+00 3.862462254070240498e+09
1.837032202697718830e+00 3.634485020204175472e+09
1.844380331508509885e+00 4.058189840807115555e+09
1.851757852834543527e+00 3.784942370165506840e+09
1.859164884245881888e+00 2.657423604346370220e+09
1.866601543782865358e+00 2.532832968522683144e+09
1.874067949957996859e+00 3.201838550779158115e+09
1.881564221757828781e+00 5.109472551708596230e+09
1.889090478644860127e+00 5.591546648686138153e+09
1.896646840559439662e+00 6.858545038921767235e+09
1.904233427921677269e+00 5.934216019633962631e+09
1.911850361633363971e+00 6.861838110643704414e+09
1.919497763079897279e+00 6.628725497996667862e+09
1.927175754132217200e+00 5.479543188566263199e+09
1.934884457148745796e+00 4.580537916271136284e+09
1.942623994977340729e+00 3.898393078648260117e+09
1.950394490957250149e+00 5.361506603226507187e+09
1.958196068921079336e+00 4.480908712156173706e+09
1.966028853196763793e+00 5.777294324244034767e+09
1.973892968609550991e+00 5.985014333290121078e+09
1.981788540483989447e+00 6.513787024988693237e+09
1.989715694645925126e+00 7.096720576766690254e+09
1.997674557424508723e+00 8.455237564493161201e+09
2.005665255654207169e+00 8.864469120662963867e+09
2.013687916676823786e+00 9.960225167943267822e+09
2.021742668343530891e+00 1.266157093134123039e+10
2.029829639016905052e+00 1.230662389285682678e+10
2.037948957572972564e+00 1.444100795602233505e+10
2.046100753403264694e+00 1.659959182666426468e+10
2.054285156416877811e+00 1.769919857136190796e+10
2.062502297042545507e+00 1.964430053356374741e+10
2.070752306230715600e+00 2.176282913517759323e+10
2.079035315455638244e+00 2.198531693213505173e+10
2.087351456717461140e+00 2.331400254681916428e+10
2.095700862544330967e+00 2.456711245980176163e+10
2.104083665994508134e+00 2.608417787276706696e+10
2.112500000658485977e+00 2.653274983014387894e+10
2.120950000661120161e+00 2.581888561029557419e+10
2.129433800663764753e+00 2.616765634502759171e+10
2.137951535866419839e+00 2.645031638135946274e+10
2.146503342009885351e+00 2.591675354116063309e+10
2.155089355377924676e+00 2.399274267182804871e+10
2.163709712799436691e+00 2.196243315291446304e+10
2.172364551650634468e+00 2.174300406675660706e+10
2.181054009857236853e+00 1.942172758018468857e+10
2.189778225896665376e+00 1.552215804103803825e+10
2.198537338800252705e+00 8.422552516370041847e+09
2.207331488155453325e+00 5.310733239217381477e+09
2.216160814108075083e+00 8.734540642620197296e+09
2.225025457364507631e+00 8.273313127153269768e+09
2.233925559193965515e+00 6.953803520095409393e+09
2.242861261430741493e+00 5.312353548362719536e+09
2.251832706476463830e+00 4.370514713333665848e+09
2.260840037302370042e+00 3.830005316840335369e+09
2.269883397451579299e+00 3.826959515907210350e+09
2.278962931041386142e+00 3.267925089801615715e+09
2.288078782765551100e+00 2.550347487307145596e+09
2.297231097896613505e+00 2.474549971730514526e+09
2.306420022288200311e+00 4.338017740000822067e+09
2.315645702377353121e+00 4.729637120012335777e+09
2.324908285186861878e+00 2.151577527400389671e+09
2.334207918327609654e+00 1.847721957762624741e+09
2.343544750000919663e+00 1.946597932372010708e+09
2.352918929000923143e+00 2.542864179504908085e+09
2.362330604716927240e+00 3.411145709738670826e+09
2.371779927135795329e+00 2.541503988211384773e+09
2.381267046844337987e+00 1.937937436207240105e+09
2.390792115031715070e+00 3.332768061235709667e+09
2.400355283491842240e+00 4.081065431776007175e+09
2.409956704625809465e+00 4.309126643804784775e+09
2.419596531444312859e+00 3.931399163620166302e+09
2.429274917570089620e+00 4.085814105582272530e+09
2.438992017240370291e+00 3.739892441130113125e+09
2.448747985309331465e+00 3.523390646675835133e+09
2.458542977250568917e+00 4.239388508286201477e+09
2.468377149159570738e+00 4.112580035759238720e+09
2.478250657756209563e+00 3.547510651137988567e+09
2.488163660387234355e+00 3.814702968307737350e+09
2.498116315028783063e+00 3.828185662416018009e+09
2.508108780288898387e+00 2.745024557765989780e+09
2.518141215410053757e+00 2.579900956559644699e+09
2.528213780271693967e+00 2.078214002072158337e+09
2.538326635392781139e+00 2.047185906971080780e+09
2.548479941934351789e+00 1.618798789329065323e+09
2.558673861702089436e+00 1.932121078311891317e+09
2.568908557148898097e+00 1.772182822393790960e+09
2.579184191377493551e+00 1.710678734563631296e+09
2.589500928143003478e+00 1.589184672892175198e+09
2.599858931855575594e+00 1.942050793820051432e+09
2.610258367582998229e+00 2.371154163651109219e+09
2.620699401053329769e+00 2.490675712834484100e+09
2.631182198657543214e+00 2.473858197516345024e+09
2.641706927452173392e+00 3.688925671448049545e+09
2.652273755161981938e+00 3.201319935859641552e+09
2.662882850182629824e+00 2.314624736004646301e+09
2.673534381583360542e+00 1.210340070105770826e+09
2.684228519109693956e+00 1.305077623573395729e+09
2.694965433186132575e+00 1.733970980243663073e+09
2.705745294918877164e+00 1.663798235742035627e+09
2.716568276098552559e+00 1.767441819839111805e+09
2.727434549202946812e+00 2.658448323803346157e+09
2.738344287399758326e+00 1.952479644825917006e+09
2.749297664549357201e+00 3.025621754017703533e+09
2.760294855207554576e+00 2.113534489724356890e+09
2.771336034628385292e+00 2.097496805711592913e+09
2.782421378766898545e+00 1.625077220784779549e+09
2.793551064281966312e+00 2.565025483352847576e+09
2.804725268539093985e+00 1.831704718969239473e+09
2.815944169613250558e+00 2.260976336028142929e+09
2.827207946291703244e+00 3.299658165158257484e+09
2.838516778076869862e+00 2.115425276169784069e+09
2.849870845189177437e+00 2.378849632369694710e+09
2.861270328569933685e+00 2.992350589201588631e+09
2.872715409884213589e+00 3.006095461914031982e+09
2.884206271523750420e+00 3.048526810767494202e+09
2.895743096609845413e+00 3.413816680023246288e+09
2.907326068996284985e+00 3.086781562657454014e+09
2.918955373272270393e+00 3.500253919751418114e+09
2.930631194765359826e+00 4.366837693925335884e+09
2.942353719544420709e+00 4.136595731522891998e+09
2.954123134422598440e+00 4.129491249184935093e+09
2.965939626960289122e+00 4.297851283696656227e+09
2.977803385468130504e+00 4.679843299322671890e+09
2.989714599010003138e+00 5.110241344643311501e+09
3.001673457406043077e+00 4.333493395067872047e+09
3.013680151235667015e+00 5.200354956717132568e+09
3.025734871840609408e+00 5.298553291183053970e+09
3.037837811327972037e+00 5.538115573349330902e+09
3.049989162573283785e+00 4.436430263589201927e+09
3.062189119223576395e+00 4.767094696088685989e+09
3.074437875700470890e+00 4.109131618981320858e+09
3.086735627203272880e+00 3.445309500077640057e+09
3.099082569712085622e+00 3.167769770299894810e+09
3.111478899990933744e+00 2.652315110577642441e+09
3.123924815590897186e+00 2.826628392654137611e+09
3.136420514853261121e+00 2.228358570541351318e+09
3.148966196912674320e+00 1.957010126736546516e+09
3.161562061700325277e+00 1.741878577151463747e+09
3.174208309947126327e+00 1.621055291828409910e+09
3.186905143186915090e+00 1.449891520326225519e+09
3.199652763759662566e+00 1.328180434325975895e+09
3.212451374814701222e+00 1.407105475540844679e+09
3.225301180313960625e+00 1.383540530403757572e+09
3.238202385035215958e+00 1.471487795512981892e+09
3.251155194575356955e+00 1.567848804883157969e+09
3.264159815353658622e+00 1.887506060420662403e+09
3.277216454615073271e+00 2.217039930788095474e+09
3.290325320433533207e+00 2.383892559431107998e+09
3.303486621715267635e+00 2.087968518093898296e+09
3.316700568202128441e+00 5.677975481243441105e+08
3.329967370474937294e+00 3.100829823543351293e+08
3.343287239956836743e+00 7.066276915504472256e+08
3.356660388916663962e+00 1.287065438491204023e+09
3.370087030472330714e+00 1.735031749110368013e+09
3.383567378594220187e+00 1.894266262250379801e+09
3.397101648108596716e+00 1.855487483414281130e+09
3.410690054701031482e+00 1.761960203629336119e+09
3.424332814919834878e+00 1.660311170170791864e+09
3.438030146179514634e+00 1.556668931094628811e+09
3.451782266764232610e+00 1.587265995932631254e+09
3.465589395831289998e+00 1.749059761561516285e+09
3.479451753414614767e+00 1.715375734836878777e+09
3.493369560428273068e+00 1.884059539097645521e+09
3.507343038669985980e+00 2.180866414211345196e+09
3.521372410824665788e+00 2.251429494539665222e+09
3.535457900467964709e+00 2.243096315416334152e+09
3.549599732069836477e+00 2.399512858560137272e+09
3.563798130998116154e+00 2.566679507136154652e+09
3.578053323522108364e+00 2.932208248709757805e+09
3.592365536816196858e+00 3.174876383619511604e+09
3.606734998963461614e+00 3.196532164079547882e+09
3.621161938959315041e+00 3.589235613921471119e+09
3.635646586715152839e+00 4.124252218407049656e+09
3.650189173062013293e+00 4.807642544979003906e+09
3.664789929754260545e+00 5.408604483352522850e+09
3.679449089473277645e+00 6.280818767355181694e+09
3.694166885831170699e+00 6.694011388910390854e+09
3.708943553374495661e+00 7.652590411354358673e+09
3.723779327587993571e+00 8.170716034153538704e+09
3.738674444898345328e+00 8.711560605048995972e+09
3.753629142677938901e+00 9.644747711567014694e+09
3.768643659248651190e+00 9.751655728009424210e+09
3.783718233885645432e+00 9.984155892700429916e+09
3.798853106821188153e+00 1.113158399051105499e+10
3.814048519248473657e+00 1.215010007095564079e+10
3.829304713325467180e+00 1.273794465528103447e+10
3.844621932178768908e+00 1.254099850550578690e+10
3.860000419907484215e+00 1.392066988811793900e+10
3.875440421587113882e+00 1.396513165233218575e+10
3.890942183273462529e+00 1.411761652253017044e+10
3.906505952006555926e+00 1.485314845650829697e+10
3.922131975814582727e+00 1.526545813786249924e+10
3.937820503717840648e+00 1.563478772661338425e+10
3.953571785732711508e+00 1.525891203123419571e+10
3.969386072875642490e+00 1.490270670482602692e+10
3.985263617167145167e+00 1.432598794874250412e+10
4.001204671635814059e+00 1.329225669858905411e+10
4.017209490322357190e+00 1.338230136368813133e+10
4.033278328283646630e+00 1.178696531945270920e+10
4.049411441596781458e+00 1.134275684076579285e+10
4.065609087363168506e+00 1.060027132969747353e+10
4.081871523712622185e+00 9.285641937794525146e+09
4.098199009807472315e+00 9.554769744527788162e+09
4.114591805846702144e+00 8.913570015013685226e+09
4.131050173070089038e+00 8.378733487250190735e+09
4.147574373762369149e+00 9.040837425966970444e+09
4.164164671257418959e+00 8.187348432888152122e+09
4.180821329942449260e+00 8.130012007124150276e+09
4.197544615262219558e+00 8.280675811547202110e+09
4.214334793723269357e+00 7.620365634484910011e+09
4.231192132898162761e+00 7.700922869744764328e+09
4.248116901429755288e+00 6.841714785220649719e+09
4.265109369035473996e+00 7.291416812680820465e+09
4.282169806511615384e+00 6.287859374865257263e+09
4.299298485737661935e+00 4.301044610952296257e+09
4.316495679680612874e+00 3.682873433403487682e+09
4.333761662399335357e+00 4.577066660729840279e+09
4.351096709048932532e+00 5.380932053581038475e+09
4.368501095885127583e+00 6.254063751431245804e+09
4.385975100268668214e+00 6.507445499915831566e+09
4.403519000669743555e+00 6.377869256469225883e+09
4.421133076672422391e+00 6.514504746998656273e+09
4.438817608979111817e+00 5.759908301530009270e+09
4.456572879415028332e+00 6.114890192900927544e+09
4.474399170932688463e+00 5.356012567533202171e+09
4.492296767616419828e+00 5.608774985934277534e+09
4.510265954686884626e+00 5.732798070522311211e+09
4.528307018505633330e+00 5.037597421896349907e+09
4.546420246579655711e+00 5.908677997331618309e+09
4.564605927565974497e+00 5.469943050671251297e+09
4.582864351276237258e+00 5.927151589362396240e+09
4.601195808681342925e+00 5.791816416970638275e+09
4.619600591916067422e+00 5.366821783254032135e+09
4.638078994283731937e+00 5.611113054590414047e+09
4.656631310260867629e+00 5.723047781488994598e+09
4.675257835501911430e+00 5.377862274065631866e+09
4.693958866843916944e+00 6.337686372775840759e+09
4.712734702311292878e+00 5.369571565681525230e+09
4.731585641120538810e+00 5.446214534296014786e+09
4.750511983685020923e+00 5.958715700438596725e+09
4.769514031619761063e+00 5.170991181395550728e+09
4.788592087746240011e+00 4.891331054148090363e+09
4.807746456097224730e+00 5.595919394343791008e+09
4.826977441921613377e+00 5.434126537067849159e+09
4.846285351689299858e+00 4.987086292573003769e+09
4.865670493096057925e+00 5.371752781124079704e+09
4.885133175068442135e+00 5.184577017915452957e+09
4.904673707768715474e+00 5.083566761299203873e+09
4.924292402599791174e+00 5.230391522206023216e+09
4.943989572210189642e+00 4.777826755940562248e+09
4.963765530499030021e+00 4.208734098219085217e+09
4.983620592621027079e+00 5.378212044504440308e+09
5.003555074991511198e+00 4.872083814898459435e+09
5.023569295291476777e+00 3.792540162170313358e+09
5.043663572472643075e+00 4.956060322664981842e+09
5.063838226762532813e+00 4.873816351093647957e+09
5.084093579669583640e+00 4.047729074806965351e+09
5.104429953988261381e+00 4.223841668379934788e+09
5.124847673804215020e+00 4.596279225412674904e+09
5.145347064499431688e+00 3.107393590559890270e+09
5.165928452757428957e+00 3.455698616836497307e+09
5.186592166568458673e+00 4.392344054242151260e+09
5.207338535234733001e+00 2.816246825468294144e+09
5.228167889375671784e+00 3.655787630701406956e+09
5.249080560933174766e+00 3.598912427367620945e+09
5.270076883176907145e+00 3.290020724600789070e+09
5.291157190709615321e+00 3.273076699237172127e+09
5.312321819472453299e+00 3.390086007944814682e+09
5.333571106750343738e+00 3.826910529686420441e+09
5.354905391177344320e+00 2.441279868434822083e+09
5.376325012742054099e+00 2.783432561032679081e+09
5.397830312793021612e+00 2.965972354544584274e+09
5.419421634044193858e+00 1.809958071750085831e+09
5.441099320580370602e+00 2.874808257237813473e+09
5.462863717862692425e+00 2.443166311959674358e+09
5.484715172734142996e+00 2.663464399212346077e+09
5.506654033425078865e+00 2.642486132031072617e+09
5.528680649558780580e+00 2.202406092130513191e+09
5.550795372157015350e+00 2.097958824191467047e+09
5.572998553645643227e+00 1.941638482925624609e+09
5.595290547860225949e+00 2.320393584501268387e+09
5.617671710051667766e+00 2.200654391523191929e+09
5.640142396891874021e+00 2.077291385546779633e+09
5.662702966479441713e+00 2.203572205905981064e+09
5.685353778345359821e+00 1.889166453367983580e+09
5.708095193458740724e+00 1.841279901188951731e+09
5.730927574232576482e+00 1.744281732417568445e+09
5.753851284529505783e+00 2.008175214284657955e+09
5.776866689667624399e+00 1.681117632469345331e+09
5.799974156426294769e+00 2.168350256814870834e+09
5.823174053051999977e+00 1.417152411020450830e+09
5.846466749264207508e+00 1.821864298519283533e+09
5.869852616261264977e+00 1.494623504994699955e+09
5.893332026726310069e+00 1.480399942531444788e+09
5.916905354833215114e+00 2.053137731831915617e+09
5.940572976252548543e+00 1.399684280770312548e+09
5.964335268157558545e+00 1.879647028932678461e+09
5.988192609230189589e+00 1.833505008840160370e+09
6.012145379667110490e+00 2.068193554687604427e+09
6.036193961185778889e+00 1.735691327611628532e+09
6.060338737030522616e+00 1.473166116686448097e+09
6.084580091978644134e+00 2.008464016375767469e+09
6.108918412346558746e+00 1.693828823009436131e+09
6.133354085995945226e+00 2.206824263474111080e+09
6.157887502339929320e+00 1.676374095821725368e+09
6.182519052349287669e+00 1.839742017816442251e+09
6.207249128558685491e+00 2.082077511924436808e+09
6.232078125072920471e+00 2.084499625458853483e+09
6.257006437573212843e+00 2.182013155780025482e+09
6.282034463323505236e+00 2.228365824307726860e+09
6.307162601176800720e+00 2.293270750602787018e+09
6.332391251581507063e+00 2.093089782670927048e+09
6.357720816587833390e+00 1.969607437347271442e+09
6.383151699854184180e+00 1.717389399479980707e+09
6.408684306653601226e+00 1.290053529289494753e+09
6.434319043880215361e+00 1.335748308793939590e+09
6.460056320055736379e+00 1.231696885566640854e+09
6.485896545335958052e+00 9.375107089714491367e+08
6.511840131517302233e+00 1.118445667998604059e+09
6.537887492043371829e+00 1.292268252276777506e+09
6.564039042011545533e+00 1.072577019640165806e+09
6.590295198179591196e+00 1.007020771579202175e+09
6.616656378972309405e+00 1.023342896860152841e+09
6.643123004488199257e+00 1.066998662375993013e+09
6.669695496506150789e+00 1.230231535061430693e+09
6.696374278492176479e+00 1.368271073575258255e+09
6.723159775606144528e+00 1.145443543254704952e+09
6.750052414708568094e+00 1.432169557165489912e+09
6.777052624367403411e+00 1.140304991589736223e+09
6.804160834864871887e+00 1.178780247624635696e+09
6.831377478204331055e+00 1.154569220082271099e+09
6.858702988117148180e+00 1.008106281895362973e+09
6.886137800069615622e+00 1.385837770542302847e+09
6.913682351269895499e+00 1.415071839979866266e+09
6.941337080674975013e+00 1.443383818163912296e+09
6.969102428997675069e+00 1.154135135635730743e+09
6.996978838713665994e+00 1.300265939770821333e+09
7.024966754068519670e+00 1.182436411931406498e+09
7.053066621084793653e+00 1.021898730546686530e+09
7.081278887569133929e+00 1.122007277374010563e+09
7.109604003119409654e+00 1.026150876763167977e+09
7.138042419131887861e+00 1.053559543176160336e+09
7.166594588808414379e+00 9.334872902248351574e+08
7.195260967163648047e+00 9.392432589080306292e+08
7.224042011032302923e+00 9.282907280754510164e+08
7.252938179076432235e+00 8.696237683680013418e+08
7.281949931792737196e+00 8.011009774412229061e+08
7.311077731519908696e+00 8.816042976617892981e+08
7.340322042445988515e+00 7.160959279073798656e+08
7.369683330615771411e+00 7.777346254475601912e+08
7.399162063938235612e+00 8.184847497598259449e+08
7.428758712193988423e+00 7.731518308440889120e+08
7.458473747042765112e+00 6.971916951734143496e+08
7.488307642030935796e+00 7.847768299794713259e+08
7.518260872599060285e+00 8.963176363842061758e+08
7.548333916089456253e+00 8.798188407245683670e+08
7.578527251753813587e+00 8.455196305351940393e+08
7.608841360760829176e+00 8.348630107638591528e+08
7.639276726203872769e+00 1.036648718176667213e+09
7.669833833108687493e+00 6.352206267061959505e+08
7.700513168441122325e+00 5.868268355402976274e+08
7.731315221114887670e+00 5.660798051156795025e+08
7.762240481999347352e+00 6.046798849061688185e+08
7.793289443927344351e+00 6.620477505597890615e+08
7.824462601703054077e+00 7.044659103325134516e+08
7.855760452109866065e+00 7.480678230793370008e+08
7.887183493918306532e+00 6.955690999402000904e+08
7.918732227893980458e+00 7.652002558168578148e+08
7.950407156805555431e+00 8.092205112975902557e+08
7.982208785432777454e+00 8.652421937638549805e+08
8.014137620574508958e+00 8.184707978002433777e+08
8.046194171056805899e+00 7.809710772514821291e+08
8.078378947741034821e+00 8.400082794174816608e+08
8.110692463531997021e+00 9.095940811427607536e+08
8.143135233386125549e+00 8.270471459105118513e+08
8.175707774319670662e+00 8.091556558578279018e+08
8.208410605416949224e+00 8.240844120091084242e+08
8.241244247838615422e+00 8.522049842141084671e+08
8.274209224829968790e+00 8.895507008127002716e+08
8.307306061729288871e+00 8.818351811688325405e+08
8.340535285976207192e+00 8.438709514743523598e+08
8.373897427120111203e+00 8.831555151472617388e+08
8.407393016828594412e+00 9.301640967113621235e+08
8.441022588895906509e+00 8.957336331621227264e+08
8.474786679251490540e+00 9.667547177514281273e+08
8.508685825968495209e+00 9.061289884000042677e+08
8.542720569272368891e+00 9.782611899021791220e+08
8.576891451549458978e+00 9.877445852968101501e+08
8.611199017355655627e+00 1.024875408042922854e+09
8.645643813425078150e+00 1.005208703656632662e+09
8.680226388678779159e+00 1.009494177970323801e+09
8.714947294233493125e+00 1.060647959227060080e+09
8.749807083410427566e+00 1.028844063327553034e+09
8.784806311744070229e+00 1.032582690501950264e+09
8.819945536991047774e+00 1.037787427041035295e+09
8.855225319139009343e+00 1.128982063162125111e+09
8.890646220415566958e+00 1.123912157983519077e+09
8.926208805297228821e+00 9.915387868452358246e+08
8.961913640518417878e+00 9.748227434534391165e+08
8.997761295080492161e+00 1.108229151875629187e+09
9.033752340260813085e+00 1.086676257922765255e+09
9.069887349621856387e+00 1.128709389304583311e+09
9.106166899020346150e+00 1.146793173611928701e+09
9.142591566616424359e+00 1.189441328941141605e+09
9.179161932882891506e+00 1.167159685558424473e+09
9.215878580614422333e+00 1.175865935040431023e+09
9.252742094936881045e+00 1.182825165035771608e+09
9.289753063316627646e+00 1.104740403631634712e+09
9.326912075569895322e+00 1.167680547633551598e+09
9.364219723872173162e+00 1.194910859184481621e+09
9.401676602767663482e+00 1.141085455383466244e+09
9.439283309178733816e+00 1.061300194022486567e+09
9.477040442415447075e+00 1.116637024818686008e+09
9.514948604185111236e+00 1.136875455141879797e+09
9.553008398601852136e+00 1.228852464313978672e+09
9.591220432196260859e+00 1.128698884070903063e+09
9.629585313925044687e+00 1.093923403510470390e+09
9.668103655180747324e+00 1.123692001609689713e+09
9.706776069801470896e+00 1.127062289228384972e+09
9.745603174080676112e+00 1.175458468015338898e+09
9.784585586776998412e+00 1.233943102537039995e+09
9.823723929124106746e+00 1.020558697060421944e+09
9.863018824840601440e+00 1.135455399216974020e+09
9.902470900139965337e+00 8.886319284049122334e+08
9.942080783740523842e+00 1.129747815339080811e+09
9.981849106875488431e+00 1.130047012643709660e+09
1.002177650330298952e+01 1.097708102819072962e+09
1.006186360931619994e+01 9.977067841004838943e+08
1.010211106375346723e+01 9.568405382358227968e+08
1.014251950800847979e+01 1.049193120479313970e+09
1.018308958604051284e+01 1.040612784886932611e+09
1.022382194438467451e+01 9.959587571156402826e+08
1.026471723216221399e+01 9.473355809478633404e+08
1.030577610109086173e+01 9.125251935457636118e+08
1.034699920549522467e+01 6.874538773968561888e+08
1.038838720231720458e+01 6.665870434728887081e+08
1.042994075112647501e+01 6.660364056510194540e+08
1.047166051413097954e+01 6.971433856854460239e+08
1.051354715618750468e+01 7.992828822891831398e+08
1.055560134481225454e+01 7.956374926153723001e+08
1.059782375019150358e+01 7.737206286539907455e+08
1.064021504519226902e+01 7.782341680390126705e+08
1.068277590537303823e+01 8.147706072291359901e+08
1.072550700899452991e+01 6.753396759554642439e+08
1.076840903703050856e+01 6.971834495710564852e+08
1.081148267317863088e+01 8.244754999389241934e+08
1.085472860387134553e+01 7.425151557518538237e+08
1.089814751828683015e+01 7.409829025855599642e+08
1.094174010835997635e+01 6.873554435388120413e+08
1.098550706879341909e+01 5.968155046139518023e+08
1.102944909706859100e+01 6.075697350092556477e+08
1.107356689345686540e+01 7.518903191646280289e+08
1.111786116103069233e+01 7.742663392794175148e+08
1.116233260567481622e+01 7.408017430500476360e+08
1.120698193609751492e+01 7.614160043259810209e+08
1.125180986384190440e+01 6.365906643589003086e+08
1.129681710329727373e+01 7.585358252994709015e+08
1.134200437171046083e+01 7.144607002375146151e+08
1.138737238919730466e+01 7.224207034870414734e+08
1.143292187875409383e+01 7.559104671203179359e+08
1.147865356626910938e+01 6.971236206354621649e+08
1.152456818053418530e+01 6.924675282930176258e+08
1.157066645325632237e+01 6.146423614080983400e+08
1.161694911906934635e+01 6.201203351397751570e+08
1.166341691554562487e+01 6.093981185738197565e+08
1.171007058320780736e+01 5.066649966275374293e+08
1.175691086554063958e+01 5.066223650647039413e+08
1.180393850900279951e+01 5.885730097480493784e+08
1.185115426303881137e+01 6.248174218947221041e+08
1.189855888009096674e+01 5.503253183474658728e+08
1.194615311561133097e+01 5.918823221026605368e+08
1.199393772807377623e+01 5.794910457356239557e+08
1.204191347898607134e+01 5.982061571277495623e+08
1.209008113290201614e+01 4.733464786923090816e+08
1.213844145743362368e+01 5.577173165200529099e+08
1.218699522326335938e+01 6.200458177814099789e+08
1.223574320415641381e+01 5.225716095887305140e+08
1.228468617697303777e+01 4.660437205837322474e+08
1.233382492168093059e+01 5.414786917686542273e+08
1.238316022136765504e+01 3.968146934451171756e+08
1.243269286225312520e+01 4.229031465152811408e+08
1.248242363370213859e+01 4.832834938964498639e+08
1.253235332823694748e+01 3.901867401012598872e+08
1.258248274154989410e+01 4.032379010074055791e+08
1.263281267251609385e+01 4.522249443996332288e+08
1.268334392320615756e+01 4.533146293086750507e+08
1.273407729889898299e+01 4.114597679499396086e+08
1.278501360809457665e+01 4.417440629904371500e+08
1.283615366252695544e+01 4.038084157489637136e+08
1.288749827717706253e+01 4.193802874001011848e+08
1.293904827028577031e+01 4.072129664546235204e+08
1.299080446336691352e+01 4.212228838202404380e+08
1.304276768122038099e+01 3.632509881704845428e+08
1.309493875194526424e+01 4.262999297396467924e+08
1.314731850695304693e+01 3.657407519659349322e+08
1.319990778098085649e+01 3.987616322321946621e+08
1.325270741210477965e+01 3.253054081897977591e+08
1.330571824175319939e+01 3.077082839071745872e+08
1.335894111472021173e+01 3.721714457214936018e+08
1.341237687917909227e+01 3.286912675470504761e+08
1.346602638669580898e+01 2.806602541948511004e+08
1.351989049224258999e+01 3.379341369154085517e+08
1.357397005421156067e+01 3.364836033322982192e+08
1.362826593442840917e+01 3.209710670812734962e+08
1.368277899816612297e+01 3.127172919482755661e+08
1.373751011415878942e+01 3.012811331333441734e+08
1.379246015461542463e+01 3.293857033932777643e+08
1.384762999523388416e+01 2.845160047205982804e+08
1.390302051521481808e+01 3.157345715429580212e+08
1.395863259727567751e+01 3.188648996223257184e+08
1.401446712766477987e+01 2.598718319073555768e+08
1.407052499617543972e+01 3.020140064905518293e+08
1.412680709616014063e+01 2.794328750366320014e+08
1.418331432454478147e+01 2.324376080235448480e+08
1.424004758184296193e+01 2.606435894927591383e+08
1.429700777217033369e+01 2.956479595662143230e+08
1.435419580325901379e+01 2.307688465311985314e+08
1.441161258647204946e+01 2.235955818230113685e+08
1.446925903681793812e+01 2.293329268834390938e+08
1.452713607296521126e+01 2.074999636060985923e+08
1.458524461725707155e+01 2.578677660145559013e+08
1.464358559572609764e+01 2.490012591448541284e+08
1.470215993810900557e+01 2.419697345771836936e+08
1.476096857786143879e+01 2.519183992694756985e+08
1.482001245217288599e+01 2.251530305722715259e+08
1.487929250198157760e+01 1.958958212532547414e+08
1.493880967198950316e+01 2.089949616463723481e+08
1.499856491067746056e+01 2.138062796012281179e+08
1.505855917032016933e+01 2.149726753960214555e+08
1.511879340700144958e+01 2.184373730390440226e+08
1.517926858062945605e+01 1.876090352644046545e+08
1.523998565495197433e+01 2.308870864431055486e+08
1.530094559757178274e+01 2.183038350885082483e+08
1.536214937996206764e+01 1.926380992123695314e+08
1.542359797748191674e+01 1.909961705225762725e+08
1.548529236939184450e+01 1.895374109593728185e+08
1.554723353886941339e+01 1.643723486802315116e+08
1.560942247302489072e+01 1.705695930420881808e+08
1.567186016291699069e+01 1.835224677825237811e+08
1.573454760356865556e+01 1.499677732403759658e+08
1.579748579398293096e+01 1.599554780117778778e+08
1.586067573715886247e+01 1.758710601013259888e+08
1.592411844010749888e+01 1.892304813111743331e+08
1.598781491386792730e+01 1.336587989186795056e+08
1.605176617352340074e+01 1.705372233166679144e+08
1.611597323821749228e+01 1.470020934822100401e+08
1.618043713117036120e+01 1.712384037821184397e+08
1.624515887969504391e+01 1.359249325949026942e+08
1.631013951521382310e+01 1.514578024086263478e+08
1.637538007327468037e+01 1.559510822630300820e+08
1.644088159356778078e+01 1.494523543387281001e+08
1.650664511994205341e+01 1.411299740141808093e+08
1.657267170042182158e+01 1.397213753849701881e+08
1.663896238722350418e+01 1.151234215862165838e+08
1.670551823677240222e+01 1.326169573202876896e+08
1.677234030971949608e+01 1.517353440758343041e+08
1.683942967095837062e+01 1.417850896767586470e+08
1.690678738964220429e+01 1.173229583091230094e+08
1.697441453920077237e+01 1.280807033723151237e+08
1.704231219735757108e+01 1.472777966082840860e+08
1.711048144614700561e+01 1.033027351484190524e+08
1.717892337193159236e+01 1.242135629377357811e+08
1.724763906541932101e+01 1.140555148807709515e+08
1.731662962168099895e+01 1.171538341082122028e+08
1.738589614016772344e+01 9.393964830263635516e+07
1.745543972472839300e+01 1.208806372728383690e+08
1.752526148362730751e+01 1.091822570507548153e+08
1.759536252956181812e+01 1.093161488063135594e+08
1.766574397968006238e+01 1.116184426965425909e+08
1.773640695559878466e+01 1.032379280518579930e+08
1.780735258342117433e+01 1.073268122855483294e+08
1.787858199375486024e+01 1.137667710912452191e+08
1.795009632172988034e+01 9.420195317456042767e+07
1.802189670701679702e+01 1.067757944733226150e+08
1.809398429384486562e+01 1.048154676855159402e+08
1.816636023102024211e+01 8.147001643378798664e+07
1.823902567194432578e+01 9.635310564697161317e+07
1.831198177463210186e+01 9.679041603739696741e+07
1.838522970173062987e+01 9.468996184527294338e+07
1.845877062053754969e+01 9.505318661908720434e+07
1.853260570301970134e+01 8.104592459981831908e+07
1.860673612583178027e+01 7.508300649108058214e+07
1.868116307033510637e+01 8.472516996855872869e+07
1.875588772261644976e+01 8.163774036247789860e+07
1.883091127350691352e+01 1.045752825144713372e+08
1.890623491860094063e+01 8.946926506467877328e+07
1.898185985827534594e+01 7.274268153630831838e+07
1.905778729770844748e+01 8.979124570545595884e+07
1.913401844689928311e+01 8.800674796100361645e+07
1.921055452068688041e+01 7.507006822747614980e+07
1.928739673876962968e+01 6.818239668124851584e+07
1.936454632572470658e+01 6.995294268131507933e+07
1.944200451102760141e+01 5.773863335758870840e+07
1.951977252907171589e+01 7.544129889537698030e+07
1.959785161918800256e+01 6.411336445885922015e+07
1.967624302566475691e+01 6.930903071434924006e+07
1.991079942767366973e+01 6.723217455724830925e+07
2.030901541622714390e+01 6.042254065931566060e+07
2.071519572455168756e+01 5.920491447654958069e+07
2.112949963904272010e+01 4.922863465241011977e+07
2.155208963182357707e+01 4.787864073054503649e+07
2.198313142446004420e+01 4.437382098480523378e+07
2.242279405294924643e+01 3.968703981844287366e+07
2.287124993400822959e+01 4.124076436351838708e+07
2.332867493268839709e+01 3.981282986502040923e+07
2.379524843134216638e+01 3.022199593665459380e+07
2.427115339996900900e+01 3.631365617936476320e+07
2.475657646796839018e+01 3.076126483767892420e+07
2.525170799732775961e+01 2.421327191654304415e+07
2.575674215727431715e+01 2.727494722754194960e+07
2.627187700041980278e+01 2.479289221057638526e+07
2.679731454042819649e+01 1.980940541994105279e+07
2.733326083123676042e+01 2.342801664692795649e+07
2.787992604786149542e+01 1.915782802756331488e+07
2.843752456881871993e+01 1.468927954058785550e+07
2.900627506019509738e+01 1.721873263116579875e+07
2.958640056139899599e+01 1.498939337397966161e+07
3.017812857262697435e+01 1.436375661445041932e+07
3.078169114407952023e+01 1.163590042479209602e+07
3.139732496696110431e+01 1.296604655689651705e+07
3.202527146630033172e+01 1.166484868247415498e+07
3.266577689562632969e+01 1.057781111392533034e+07
3.331909243353885586e+01 8.783994076101964340e+06
3.398547428220963695e+01 1.022980707867600769e+07
3.466518376785383282e+01 7.947836503620332107e+06
3.535848744321090464e+01 6.878229993011304177e+06
3.606565719207512188e+01 6.599206119767704047e+06
3.678697033591662802e+01 7.061188156503882259e+06
3.752270974263496583e+01 5.942331931543324143e+06
3.827316393748766643e+01 6.487999583848246373e+06
3.903862721623740839e+01 5.178082582731332630e+06
3.981939976056215613e+01 4.717838410163615830e+06
4.061578775577340394e+01 4.010450301890577190e+06
4.142810351088887444e+01 4.712384992505704053e+06
4.225666558110664539e+01 4.316880170814377256e+06
4.310179889272878029e+01 3.388124428098451346e+06
4.396383487058335504e+01 3.134981079951842315e+06
4.484311156799503095e+01 2.969856591579713393e+06
4.573997379935492091e+01 2.945875535403591115e+06
4.665477327534202345e+01 2.476537953749112785e+06
4.758786874084886165e+01 2.451362366024950519e+06
4.853962611566583973e+01 2.396049954930021428e+06
4.951041863797915710e+01 1.948036304896043846e+06
5.050062701073873939e+01 1.927900551224013325e+06
5.151063955095351332e+01 1.690305193897050805e+06
5.254085234197258103e+01 1.916598778396276757e+06
5.359166938881203635e+01 1.659530357810744550e+06
5.466350277658827395e+01 1.527744761402992997e+06
5.575677283212004198e+01 1.270194078817374771e+06
5.687190828876244098e+01 1.188099401009621564e+06
5.800934645453768468e+01 1.152833042409142014e+06
5.916953338362844050e+01 1.088983261179554509e+06
6.035292405130100946e+01 1.001639989073677338e+06
6.155998253232701956e+01 1.037563329152113409e+06
6.279118218297357146e+01 8.284920185606237501e+05
6.404700582663303976e+01 7.454900180480246199e+05
6.532794594316570169e+01 6.835194877570946701e+05
6.663450486202900436e+01 6.137873288492006250e+05
6.796719495926959098e+01 6.794425700796552701e+05
6.932653885845499531e+01 6.638041511959159980e+05
7.071306963562409464e+01 5.359028766015105648e+05
7.212733102833657028e+01 4.668878729228124139e+05
7.356987764890331505e+01 4.739985026265453198e+05
7.504127520188137623e+01 4.040522168089816114e+05
7.654210070591901172e+01 4.138749838607241400e+05
7.807294272003738911e+01 3.628900199498997536e+05
7.963440157443814371e+01 3.515342491187226260e+05
8.122708960592690630e+01 3.001639458549012779e+05
8.285163139804545551e+01 2.762600368509790278e+05
8.450866402600635752e+01 2.726222301917159930e+05
8.619883730652648524e+01 2.742787815825327416e+05
8.792281405265701721e+01 2.974981905333384639e+05
8.968127033371015955e+01 2.312657912783185893e+05
9.147489574038435478e+01 2.150167084924525698e+05
9.330439365519204387e+01 1.849767947986444924e+05
9.517048152829590890e+01 1.584877583260015235e+05
9.707389115886181230e+01 1.792917893919207854e+05
9.901536898203904968e+01 1.356963631014837010e+05
