#  wl(um)    flux(Jy)  eflux(Jy) 
   5.21725   0.015545   0.000631 
   5.24749   0.016126   0.000610 
   5.27773   0.015458   0.000637 
   5.30797   0.016108   0.000569 
   5.33821   0.016008   0.000551 
   5.36846   0.015528   0.000574 
   5.39870   0.015938   0.000532 
   5.42894   0.015096   0.000581 
   5.45918   0.015285   0.000510 
   5.48942   0.015881   0.000517 
   5.51967   0.015154   0.000494 
   5.54991   0.014663   0.000480 
   5.58015   0.014497   0.000557 
   5.61039   0.013996   0.000724 
   5.64063   0.014222   0.000594 
   5.67088   0.014045   0.000481 
   5.70112   0.013888   0.000514 
   5.73136   0.014110   0.000542 
   5.76160   0.014851   0.000502 
   5.79184   0.014610   0.000562 
   5.82209   0.014242   0.000596 
   5.85233   0.014805   0.000517 
   5.88257   0.014320   0.000553 
   5.91281   0.014633   0.000581 
   5.94305   0.014308   0.000532 
   5.97330   0.014331   0.000586 
   6.00354   0.014886   0.000564 
   6.03378   0.015040   0.000576 
   6.06402   0.014102   0.000528 
   6.09426   0.014104   0.000576 
   6.12451   0.014703   0.000547 
   6.15475   0.014603   0.000526 
   6.18499   0.014142   0.000558 
   6.21523   0.014154   0.000636 
   6.24547   0.013875   0.000603 
   6.27572   0.013936   0.000550 
   6.30596   0.014761   0.000592 
   6.33620   0.014261   0.000643 
   6.36644   0.013536   0.000671 
   6.39668   0.012942   0.000638 
   6.42693   0.013306   0.000594 
   6.45717   0.012743   0.000639 
   6.48741   0.012267   0.000605 
   6.51765   0.011943   0.000586 
   6.54789   0.011556   0.000633 
   6.57814   0.011968   0.000658 
   6.60838   0.011647   0.000639 
   6.63862   0.012092   0.000640 
   6.66886   0.011595   0.000579 
   6.69910   0.011877   0.000614 
   6.72935   0.012008   0.000589 
   6.75959   0.012693   0.000672 
   6.78983   0.011551   0.000720 
   6.82007   0.011123   0.000776 
   6.85031   0.011879   0.000813 
   6.88056   0.011314   0.000717 
   6.91080   0.010706   0.000756 
   6.94104   0.011952   0.000747 
   6.97128   0.011293   0.000691 
   7.00152   0.011279   0.000788 
   7.03177   0.011026   0.000797 
   7.06201   0.011451   0.000805 
   7.09225   0.010716   0.000756 
   7.12249   0.011246   0.000730 
   7.15273   0.010664   0.000775 
   7.18298   0.010905   0.000712 
   7.21322   0.011362   0.000813 
   7.24346   0.011682   0.000883 
   7.27370   0.011417   0.000794 
   7.30394   0.011368   0.000815 
   7.33419   0.011008   0.002619 
   7.36443   0.010868   0.001068 
   7.39467   0.011265   0.001029 
   7.42491   0.011148   0.000836 
   7.45515   0.010650   0.000957 
   7.48540   0.011266   0.000985 
   7.51564   0.010150   0.000460 
   7.57612   0.010405   0.000422 
   7.63660   0.009955   0.000403 
   7.69709   0.010130   0.000372 
   7.75757   0.009935   0.000340 
   7.81805   0.010233   0.000346 
   7.87854   0.010038   0.000372 
   7.93902   0.009437   0.000352 
   7.99951   0.009880   0.000320 
   8.05999   0.009882   0.000309 
   8.12047   0.009229   0.000306 
   8.18096   0.009064   0.000324 
   8.24144   0.009385   0.000331 
   8.30192   0.009176   0.000315 
   8.36241   0.009047   0.000311 
   8.42289   0.009100   0.000318 
   8.48337   0.009297   0.000326 
   8.54386   0.009285   0.000344 
   8.60434   0.009153   0.000356 
   8.66483   0.009038   0.000407 
   8.72531   0.008611   0.000362 
   8.78579   0.008349   0.000408 
   8.84628   0.009138   0.000397 
   8.90676   0.008725   0.000372 
   8.96724   0.008920   0.000393 
   9.02773   0.008454   0.000380 
   9.08821   0.008294   0.000400 
   9.14869   0.008458   0.000410 
   9.20918   0.008612   0.000416 
   9.26966   0.008380   0.000398 
   9.33015   0.008445   0.000403 
   9.39063   0.008735   0.000505 
   9.45111   0.007659   0.000449 
   9.51160   0.007920   0.000429 
   9.57208   0.007550   0.000424 
   9.63256   0.007856   0.000429 
   9.69305   0.007771   0.000416 
   9.75353   0.007573   0.000487 
   9.81401   0.007329   0.000491 
   9.87450   0.007132   0.000399 
   9.93498   0.006754   0.000474 
   9.99547   0.007011   0.000586 
  10.05595   0.006914   0.000576 
  10.11643   0.007004   0.000448 
  10.17692   0.006683   0.000389 
  10.23740   0.006544   0.000379 
  10.29788   0.006721   0.000384 
  10.35837   0.006821   0.000407 
  10.41885   0.006753   0.000402 
  10.47933   0.006843   0.000415 
  10.53982   0.006431   0.000422 
  10.60030   0.006547   0.000444 
  10.66079   0.006621   0.000432 
  10.72127   0.006375   0.000454 
  10.78175   0.006266   0.000466 
  10.84224   0.006315   0.000502 
  10.90272   0.006630   0.000490 
  10.96320   0.006187   0.000517 
  11.02369   0.005743   0.000626 
  11.08417   0.006506   0.000604 
  11.14465   0.006393   0.000535 
  11.20514   0.006303   0.000545 
  11.26562   0.005985   0.000543 
  11.32611   0.006016   0.000555 
  11.38659   0.005944   0.000564 
  11.44707   0.005619   0.000571 
  11.50756   0.005566   0.000564 
  11.56804   0.005349   0.000584 
  11.62852   0.005739   0.000596 
  11.68901   0.005495   0.000591 
  11.74949   0.005413   0.000609 
  11.80997   0.005912   0.000626 
  11.87046   0.005588   0.000619 
  11.93094   0.005210   0.000615 
  11.99143   0.005257   0.000613 
  12.05191   0.005892   0.000607 
  12.11239   0.005896   0.000599 
  12.17288   0.005708   0.000603 
  12.23336   0.005196   0.000598 
  12.29384   0.005406   0.000628 
  12.35433   0.005403   0.000610 
  12.41481   0.004574   0.000585 
  12.47529   0.004543   0.000588 
  12.53578   0.004775   0.000563 
  12.59626   0.004771   0.000570 
  12.65675   0.004294   0.000587 
  12.71723   0.004780   0.000590 
  12.77771   0.004642   0.000596 
  12.83820   0.004238   0.000599 
  12.89868   0.004390   0.000604 
  12.95916   0.005047   0.000607 
  13.01965   0.005060   0.000647 
  13.08013   0.004884   0.000674 
  13.14061   0.005067   0.000669 
  13.20110   0.004725   0.000717 
  13.26158   0.003818   0.000726 
  13.32206   0.003664   0.000727 
  13.38255   0.003726   0.000759 
  13.44303   0.004771   0.000817 
  13.50352   0.004359   0.000781 
  13.56400   0.004591   0.000771 
  13.62448   0.004423   0.000812 
  13.68497   0.004713   0.000827 
  13.74545   0.005148   0.000869 
  13.80593   0.005514   0.000889 
  13.86642   0.004502   0.000858 
  13.92690   0.004968   0.000899 
  13.98738   0.004248   0.000924 
  14.04787   0.004236   0.000931 
  14.15403   0.003667   0.000382 
  14.23871   0.003982   0.000350 
  14.32338   0.004335   0.000330 
  14.40806   0.003847   0.000320 
  14.49274   0.003671   0.000319 
  14.57741   0.003818   0.000329 
  14.66209   0.003455   0.000351 
  14.74677   0.003185   0.000375 
  14.83145   0.003694   0.000403 
  14.91612   0.003858   0.000397 
  15.00080   0.003044   0.000383 
  15.08548   0.003335   0.000370 
  15.17015   0.002573   0.000423 
  15.25483   0.002634   0.000348 
  15.33951   0.003056   0.000320 
  15.42418   0.003275   0.000312 
  15.50886   0.002911   0.000291 
  15.59354   0.002869   0.000286 
  15.67821   0.003420   0.000296 
  15.76289   0.003421   0.000312 
  15.84757   0.002904   0.000349 
  15.93224   0.002765   0.000404 
  16.01692   0.002639   0.000439 
  16.10160   0.003252   0.000453 
  16.18628   0.002567   0.000463 
  16.27095   0.002939   0.000537 
  16.35563   0.002403   0.000465 
  16.44031   0.002216   0.000425 
  16.52498   0.002279   0.000385 
  16.60966   0.002849   0.000369 
  16.69434   0.002353   0.000376 
  16.77901   0.002005   0.000395 
  16.86369   0.002155   0.000430 
  16.94837   0.002661   0.000439 
  17.03304   0.003410   0.000450 
  17.11772   0.003222   0.000498 
  17.20240   0.002515   0.000479 
  17.28707   0.002247   0.000500 
  17.37175   0.001848   0.000511 
  17.45643   0.002097   0.000490 
  17.54111   0.002907   0.000465 
  17.62578   0.002470   0.000434 
  17.71046   0.002265   0.000419 
  17.79514   0.002288   0.000435 
  17.87981   0.002248   0.000470 
  17.96449   0.002563   0.000529 
  18.04917   0.002544   0.000520 
  18.13384   0.002458   0.000562 
  18.21852   0.001563   0.000592 
  18.30320   0.002918   0.000595 
  18.38787   0.002211   0.000602 
  18.47255   0.002960   0.000607 
  18.55723   0.002267   0.000590 
  18.64190   0.001812   0.000560 
  18.72658   0.001563   0.000550 
  18.81126   0.002647   0.000526 
  18.89594   0.001984   0.000528 
  18.98061   0.001577   0.000533 
  19.06529   0.002816   0.000569 
  19.14997   0.003264   0.000659 
  19.23464   0.003518   0.000747 
  19.31932   0.002433   0.000787 
  19.40400   0.002949   0.000804 
  19.48867   0.003012   0.000804 
  19.57335   0.002168   0.000821 
  19.65803   0.002132   0.000782 
  19.74270   0.002198   0.000741 
  19.82738   0.002641   0.000705 
  19.91206   0.002710   0.000707 
  19.99673   0.002485   0.000721 
  20.08141   0.001697   0.000693 
  20.16609   0.001482   0.000734 
  20.25077   0.002122   0.000768 
  20.33544   0.002595   0.000863 
  20.42012   0.002191   0.000922 
