#  wl(um)    flux(Jy)  eflux(Jy) 
   5.21725   0.004459   0.000199 
   5.24749   0.004178   0.000179 
   5.27773   0.004031   0.000189 
   5.30797   0.004260   0.000189 
   5.33821   0.004465   0.000204 
   5.36846   0.004686   0.000176 
   5.39870   0.004673   0.000174 
   5.42894   0.004447   0.000185 
   5.45918   0.004437   0.000157 
   5.48942   0.004445   0.000158 
   5.51967   0.004408   0.000144 
   5.54991   0.004457   0.000279 
   5.58015   0.004348   0.000266 
   5.61039   0.004528   0.000151 
   5.64063   0.004418   0.000150 
   5.67088   0.004227   0.000142 
   5.70112   0.003910   0.000142 
   5.73136   0.004080   0.000149 
   5.76160   0.004249   0.000144 
   5.79184   0.004094   0.000150 
   5.82209   0.004110   0.000164 
   5.85233   0.004193   0.000172 
   5.88257   0.004225   0.000163 
   5.91281   0.004293   0.000155 
   5.94305   0.004228   0.000184 
   5.97330   0.004075   0.000186 
   6.00354   0.004118   0.000171 
   6.03378   0.003936   0.000166 
   6.06402   0.003795   0.000173 
   6.09426   0.004135   0.000162 
   6.12451   0.003964   0.000158 
   6.15475   0.003986   0.000166 
   6.18499   0.004271   0.000162 
   6.21523   0.004299   0.000178 
   6.24547   0.004141   0.000188 
   6.27572   0.004126   0.000196 
   6.30596   0.004072   0.000212 
   6.33620   0.004368   0.000185 
   6.36644   0.004135   0.000187 
   6.39668   0.003577   0.000208 
   6.42693   0.003427   0.000188 
   6.45717   0.003341   0.000185 
   6.48741   0.003317   0.000190 
   6.51765   0.003536   0.000197 
   6.54789   0.003614   0.000220 
   6.57814   0.003357   0.000232 
   6.60838   0.003273   0.000214 
   6.63862   0.003078   0.000195 
   6.66886   0.003350   0.000203 
   6.69910   0.003228   0.000203 
   6.72935   0.003009   0.000206 
   6.75959   0.003230   0.000209 
   6.78983   0.003446   0.000210 
   6.82007   0.003314   0.000214 
   6.85031   0.003352   0.000236 
   6.88056   0.003257   0.000301 
   6.91080   0.003371   0.000257 
   6.94104   0.003065   0.000273 
   6.97128   0.003044   0.000278 
   7.00152   0.003231   0.000298 
   7.03177   0.003243   0.000275 
   7.06201   0.003149   0.000281 
   7.09225   0.003411   0.000277 
   7.12249   0.003254   0.000264 
   7.15273   0.002903   0.000261 
   7.18298   0.003023   0.000253 
   7.21322   0.002979   0.000264 
   7.24346   0.002911   0.000278 
   7.27370   0.002835   0.000302 
   7.30394   0.002776   0.000338 
   7.33419   0.003196   0.000474 
   7.36443   0.003180   0.000298 
   7.39467   0.003008   0.000300 
   7.42491   0.002955   0.000314 
   7.45515   0.002994   0.000353 
   7.48540   0.002967   0.000359 
   7.51564   0.002776   0.000182 
   7.57612   0.002806   0.000173 
   7.63660   0.002754   0.000173 
   7.69709   0.002747   0.000153 
   7.75757   0.002766   0.000137 
   7.81805   0.002561   0.000138 
   7.87854   0.002388   0.000124 
   7.93902   0.002484   0.000125 
   7.99951   0.002393   0.000116 
   8.05999   0.002411   0.000115 
   8.12047   0.002389   0.000115 
   8.18096   0.002115   0.000125 
   8.24144   0.002016   0.000119 
   8.30192   0.002034   0.000111 
   8.36241   0.001994   0.000114 
   8.42289   0.001753   0.000121 
   8.48337   0.002039   0.000125 
   8.54386   0.001911   0.000118 
   8.60434   0.001879   0.000124 
   8.66483   0.001805   0.000141 
   8.72531   0.001782   0.000142 
   8.78579   0.001556   0.000144 
   8.84628   0.001514   0.000149 
   8.90676   0.001701   0.000147 
   8.96724   0.001488   0.000157 
   9.02773   0.001642   0.000162 
   9.08821   0.001375   0.000162 
   9.14869   0.001561   0.000159 
   9.20918   0.001836   0.000164 
   9.26966   0.001706   0.000167 
   9.33015   0.001592   0.000175 
   9.39063   0.001809   0.000175 
   9.45111   0.001617   0.000172 
   9.51160   0.001651   0.000176 
   9.57208   0.001586   0.000175 
   9.63256   0.001538   0.000202 
   9.69305   0.001558   0.000175 
   9.75353   0.001575   0.000168 
   9.81401   0.001828   0.000171 
   9.87450   0.001684   0.000172 
   9.93498   0.001525   0.000163 
   9.99547   0.001782   0.000160 
  10.05595   0.001562   0.000166 
  10.11643   0.001512   0.000161 
  10.17692   0.001507   0.000162 
  10.23740   0.001527   0.000159 
  10.29788   0.001500   0.000163 
  10.35837   0.001492   0.000167 
  10.41885   0.001839   0.000171 
  10.47933   0.001716   0.000168 
  10.53982   0.001556   0.000173 
  10.60030   0.001290   0.000177 
  10.66079   0.001842   0.000184 
  10.72127   0.001673   0.000189 
  10.78175   0.001739   0.000196 
  10.84224   0.001669   0.000213 
  10.90272   0.001590   0.000208 
  10.96320   0.001737   0.000210 
  11.02369   0.001528   0.000215 
  11.08417   0.001407   0.000221 
  11.14465   0.001627   0.000221 
  11.20514   0.001699   0.000229 
  11.26562   0.001648   0.000251 
  11.32611   0.001588   0.000330 
  11.38659   0.001476   0.000326 
  11.44707   0.001475   0.000238 
  11.50756   0.001575   0.000248 
  11.56804   0.001448   0.000249 
  11.62852   0.001396   0.000266 
  11.68901   0.001524   0.000260 
  11.74949   0.001378   0.000269 
  11.80997   0.001477   0.000297 
  11.87046   0.001158   0.000256 
  11.93094   0.001257   0.000274 
  11.99143   0.001360   0.000265 
  12.05191   0.001277   0.000269 
  12.11239   0.001354   0.000265 
  12.17288   0.001412   0.000269 
  12.23336   0.001469   0.000259 
  12.29384   0.001393   0.000267 
  12.35433   0.001266   0.000254 
  12.41481   0.001354   0.000249 
  12.47529   0.001211   0.000250 
  12.53578   0.001430   0.000247 
  12.59626   0.001188   0.000243 
  12.65675   0.001016   0.000241 
  12.71723   0.001071   0.000255 
  12.77771   0.000994   0.000320 
  12.83820   0.000989   0.000328 
  12.89868   0.001014   0.000268 
  12.95916   0.001068   0.000263 
  13.01965   0.001147   0.000282 
  13.08013   0.001361   0.000292 
  13.14061   0.001502   0.000318 
  13.20110   0.001513   0.000361 
  13.26158   0.001284   0.000315 
  13.32206   0.001023   0.000323 
  13.38255   0.001310   0.000393 
  13.44303   0.001493   0.000418 
  13.50352   0.001041   0.000407 
  13.56400   0.001197   0.000434 
  13.62448   0.001251   0.000349 
  13.68497   0.001302   0.000367 
  13.74545   0.001228   0.000354 
  13.80593   0.001448   0.000390 
  13.86642   0.001275   0.000405 
  13.92690   0.001149   0.000392 
  13.98738   0.000952   0.000406 
  14.04787   0.001358   0.000415 
  14.10835   0.001314   0.000399 
  14.16884   0.001253   0.000410 
