#  wl(um)    flux(Jy)  eflux(Jy) 
   5.21725   0.005861   0.000309 
   5.24749   0.006347   0.000276 
   5.27773   0.006280   0.000274 
   5.30797   0.006467   0.000281 
   5.33821   0.006466   0.000280 
   5.36846   0.006170   0.000269 
   5.39870   0.006144   0.000248 
   5.42894   0.006018   0.000247 
   5.45918   0.005901   0.000238 
   5.48942   0.006222   0.000353 
   5.51967   0.006312   0.000240 
   5.54991   0.005894   0.000233 
   5.58015   0.005867   0.000216 
   5.61039   0.006004   0.000263 
   5.64063   0.006161   0.000241 
   5.67088   0.005929   0.000204 
   5.70112   0.005617   0.000192 
   5.73136   0.005477   0.000199 
   5.76160   0.005665   0.000215 
   5.79184   0.005978   0.000242 
   5.82209   0.005483   0.000258 
   5.85233   0.005606   0.000257 
   5.88257   0.005593   0.000212 
   5.91281   0.005641   0.000211 
   5.94305   0.005555   0.000224 
   5.97330   0.005743   0.000211 
   6.00354   0.005749   0.000229 
   6.03378   0.005741   0.000225 
   6.06402   0.005436   0.000236 
   6.09426   0.005711   0.000283 
   6.12451   0.006167   0.000236 
   6.15475   0.006020   0.000213 
   6.18499   0.005627   0.000227 
   6.21523   0.005992   0.000240 
   6.24547   0.006205   0.000251 
   6.27572   0.006052   0.000271 
   6.30596   0.005894   0.000280 
   6.33620   0.005937   0.000321 
   6.36644   0.006006   0.000344 
   6.39668   0.005218   0.000325 
   6.42693   0.005229   0.000245 
   6.45717   0.005290   0.000247 
   6.48741   0.004770   0.000260 
   6.51765   0.004764   0.000257 
   6.54789   0.004317   0.000276 
   6.57814   0.004285   0.000313 
   6.60838   0.004852   0.000314 
   6.63862   0.004296   0.000367 
   6.66886   0.004289   0.000288 
   6.69910   0.004466   0.000294 
   6.72935   0.004619   0.000266 
   6.75959   0.004906   0.000288 
   6.78983   0.004678   0.000275 
   6.82007   0.004458   0.000290 
   6.85031   0.004407   0.000338 
   6.88056   0.004353   0.000482 
   6.91080   0.004248   0.000337 
   6.94104   0.004054   0.000367 
   6.97128   0.003879   0.000386 
   7.00152   0.003926   0.000385 
   7.03177   0.004207   0.000392 
   7.06201   0.003866   0.000371 
   7.09225   0.004440   0.000351 
   7.12249   0.004349   0.000366 
   7.15273   0.004191   0.000378 
   7.18298   0.004658   0.000368 
   7.21322   0.004359   0.000402 
   7.24346   0.004169   0.000389 
   7.27370   0.003788   0.000387 
   7.30394   0.004068   0.000380 
   7.33419   0.003861   0.000361 
   7.36443   0.003876   0.000394 
   7.39467   0.003679   0.000395 
   7.42491   0.003802   0.000430 
   7.45515   0.003823   0.000453 
   7.48540   0.003537   0.000446 
   7.51564   0.003850   0.000258 
   7.57612   0.003752   0.000271 
   7.63660   0.003819   0.000504 
   7.69709   0.003773   0.000266 
   7.75757   0.003716   0.000185 
   7.81805   0.003707   0.000179 
   7.87854   0.003481   0.000184 
   7.93902   0.003248   0.000172 
   7.99951   0.003286   0.000172 
   8.05999   0.003299   0.000164 
   8.12047   0.003046   0.000167 
   8.18096   0.002939   0.000171 
   8.24144   0.003092   0.000164 
   8.30192   0.002955   0.000178 
   8.36241   0.002730   0.000171 
   8.42289   0.002939   0.000169 
   8.48337   0.002772   0.000163 
   8.54386   0.002806   0.000182 
   8.60434   0.002975   0.000214 
   8.66483   0.002865   0.000193 
   8.72531   0.002380   0.000201 
   8.78579   0.002516   0.000208 
   8.84628   0.002864   0.000222 
   8.90676   0.002632   0.000191 
   8.96724   0.002643   0.000202 
   9.02773   0.002900   0.000228 
   9.08821   0.002554   0.000210 
   9.14869   0.002702   0.000223 
   9.20918   0.002572   0.000225 
   9.26966   0.002605   0.000216 
   9.33015   0.002433   0.000221 
   9.39063   0.002427   0.000222 
   9.45111   0.002494   0.000254 
   9.51160   0.002399   0.000225 
   9.57208   0.001946   0.000220 
   9.63256   0.002011   0.000219 
   9.69305   0.002467   0.000219 
   9.75353   0.002457   0.000257 
   9.81401   0.002191   0.000253 
   9.87450   0.002028   0.000219 
   9.93498   0.001787   0.000202 
   9.99547   0.002054   0.000201 
  10.05595   0.002288   0.000203 
  10.11643   0.002071   0.000231 
  10.17692   0.001885   0.000309 
  10.23740   0.001921   0.000206 
  10.29788   0.001906   0.000209 
  10.35837   0.001865   0.000210 
  10.41885   0.002054   0.000216 
  10.47933   0.002180   0.000216 
  10.53982   0.002119   0.000214 
  10.60030   0.001689   0.000225 
  10.66079   0.001819   0.000236 
  10.72127   0.001728   0.000230 
  10.78175   0.001859   0.000241 
  10.84224   0.001720   0.000248 
  10.90272   0.001845   0.000262 
  10.96320   0.001918   0.000264 
  11.02369   0.001624   0.000283 
  11.08417   0.001873   0.000272 
  11.14465   0.001717   0.000277 
  11.20514   0.001951   0.000326 
  11.26562   0.002079   0.000289 
  11.32611   0.001459   0.000290 
  11.38659   0.001482   0.000280 
  11.44707   0.001610   0.000294 
  11.50756   0.001900   0.000301 
  11.56804   0.001833   0.000310 
  11.62852   0.001728   0.000313 
  11.68901   0.001867   0.000311 
  11.74949   0.001606   0.000317 
  11.80997   0.001443   0.000325 
  11.87046   0.002031   0.000311 
  11.93094   0.001909   0.000315 
  11.99143   0.001545   0.000330 
  12.05191   0.001875   0.000375 
  12.11239   0.001987   0.000358 
  12.17288   0.001467   0.000333 
  12.23336   0.001728   0.000326 
  12.29384   0.002003   0.000317 
  12.35433   0.002076   0.000319 
  12.41481   0.001566   0.000306 
  12.47529   0.001807   0.000307 
  12.53578   0.001559   0.000387 
  12.59626   0.001579   0.000410 
  12.65675   0.001899   0.000349 
  12.71723   0.001732   0.000323 
  12.77771   0.001363   0.000314 
  12.83820   0.001213   0.000352 
  12.89868   0.001336   0.000363 
  12.95916   0.001508   0.000337 
  13.01965   0.001416   0.000354 
  13.08013   0.001848   0.000387 
  13.14061   0.001822   0.000388 
  13.20110   0.001675   0.000414 
  13.26158   0.001628   0.000397 
  13.32206   0.001564   0.000448 
  13.38255   0.001597   0.000430 
  13.44303   0.001479   0.000438 
  13.50352   0.001458   0.000407 
  13.56400   0.001543   0.000417 
  13.62448   0.001615   0.000438 
  13.68497   0.001418   0.000464 
  13.74545   0.001140   0.000479 
  13.80593   0.001375   0.000488 
  13.86642   0.001548   0.000604 
  13.92690   0.001523   0.000537 
  13.98738   0.001697   0.000536 
  14.04787   0.001251   0.000521 
  14.10835   0.001583   0.000526 
  14.16884   0.001340   0.000542 
