#  wl(um)    flux(Jy)  eflux(Jy) 
   5.21725   0.003403   0.000175 
   5.24749   0.003447   0.000177 
   5.27773   0.003398   0.000184 
   5.30797   0.003439   0.000231 
   5.33821   0.003438   0.000197 
   5.36846   0.003223   0.000161 
   5.39870   0.003155   0.000163 
   5.42894   0.003343   0.000156 
   5.45918   0.003270   0.000146 
   5.48942   0.003225   0.000166 
   5.51967   0.002920   0.000134 
   5.54991   0.002939   0.000140 
   5.58015   0.003038   0.000137 
   5.61039   0.003090   0.000140 
   5.64063   0.003285   0.000136 
   5.67088   0.003079   0.000132 
   5.70112   0.002637   0.000129 
   5.73136   0.002660   0.000136 
   5.76160   0.002561   0.000133 
   5.79184   0.002895   0.000140 
   5.82209   0.002677   0.000144 
   5.85233   0.002508   0.000144 
   5.88257   0.002476   0.000138 
   5.91281   0.002609   0.000134 
   5.94305   0.002868   0.000145 
   5.97330   0.002953   0.000137 
   6.00354   0.003179   0.000138 
   6.03378   0.002820   0.000133 
   6.06402   0.002862   0.000144 
   6.09426   0.003135   0.000168 
   6.12451   0.003397   0.000137 
   6.15475   0.003233   0.000133 
   6.18499   0.003166   0.000151 
   6.21523   0.003233   0.000126 
   6.24547   0.003222   0.000146 
   6.27572   0.003179   0.000146 
   6.30596   0.003319   0.000147 
   6.33620   0.003103   0.000231 
   6.36644   0.002819   0.000156 
   6.39668   0.002741   0.000152 
   6.42693   0.002632   0.000141 
   6.45717   0.002712   0.000145 
   6.48741   0.002865   0.000157 
   6.51765   0.002251   0.000157 
   6.54789   0.002218   0.000173 
   6.57814   0.002015   0.000176 
   6.60838   0.001954   0.000170 
   6.63862   0.002225   0.000160 
   6.66886   0.002277   0.000172 
   6.69910   0.001956   0.000178 
   6.72935   0.002358   0.000170 
   6.75959   0.002211   0.000176 
   6.78983   0.002161   0.000185 
   6.82007   0.002144   0.000185 
   6.85031   0.002136   0.000184 
   6.88056   0.002251   0.000203 
   6.91080   0.002273   0.000197 
   6.94104   0.002233   0.000204 
   6.97128   0.002536   0.000207 
   7.00152   0.002781   0.000226 
   7.03177   0.002259   0.000230 
   7.06201   0.001863   0.000231 
   7.09225   0.002132   0.000218 
   7.12249   0.001774   0.000214 
   7.15273   0.001908   0.000403 
   7.18298   0.002184   0.000219 
   7.21322   0.001861   0.000210 
   7.24346   0.001888   0.000456 
   7.27370   0.002404   0.000293 
   7.30394   0.002383   0.000244 
   7.33419   0.002398   0.000249 
   7.36443   0.002268   0.000260 
   7.39467   0.002249   0.000290 
   7.42491   0.002155   0.000316 
   7.45515   0.001812   0.000276 
   7.48540   0.001878   0.000308 
   7.51564   0.002262   0.000185 
   7.57612   0.002106   0.000181 
   7.63660   0.002135   0.000168 
   7.69709   0.001955   0.000171 
   7.75757   0.002140   0.000136 
   7.81805   0.002248   0.000126 
   7.87854   0.002283   0.000144 
   7.93902   0.002201   0.000144 
   7.99951   0.001987   0.000177 
   8.05999   0.002069   0.000107 
   8.12047   0.001932   0.000104 
   8.18096   0.001879   0.000104 
   8.24144   0.002020   0.000106 
   8.30192   0.002100   0.000111 
   8.36241   0.002086   0.000105 
   8.42289   0.002032   0.000100 
   8.48337   0.001874   0.000117 
   8.54386   0.002162   0.000101 
   8.60434   0.001978   0.000112 
   8.66483   0.001795   0.000099 
   8.72531   0.001671   0.000111 
   8.78579   0.001672   0.000092 
   8.84628   0.001623   0.000160 
   8.90676   0.001478   0.000094 
   8.96724   0.001749   0.000100 
   9.02773   0.001688   0.000103 
   9.08821   0.001639   0.000099 
   9.14869   0.001673   0.000094 
   9.20918   0.001511   0.000109 
   9.26966   0.001617   0.000106 
   9.33015   0.001757   0.000105 
   9.39063   0.001732   0.000128 
   9.45111   0.001516   0.000147 
   9.51160   0.001481   0.000115 
   9.57208   0.001509   0.000124 
   9.63256   0.001742   0.000101 
   9.69305   0.001575   0.000103 
   9.75353   0.001536   0.000109 
   9.81401   0.001427   0.000115 
   9.87450   0.001424   0.000103 
   9.93498   0.001404   0.000093 
   9.99547   0.001467   0.000092 
  10.05595   0.001651   0.000109 
  10.11643   0.001657   0.000107 
  10.17692   0.001590   0.000091 
  10.23740   0.001586   0.000092 
  10.29788   0.001460   0.000093 
  10.35837   0.001402   0.000099 
  10.41885   0.001399   0.000099 
  10.47933   0.001343   0.000101 
  10.53982   0.001350   0.000101 
  10.60030   0.001389   0.000114 
  10.66079   0.001583   0.000110 
  10.72127   0.001540   0.000108 
  10.78175   0.001530   0.000114 
  10.84224   0.001389   0.000121 
  10.90272   0.001457   0.000122 
  10.96320   0.001397   0.000132 
  11.02369   0.001344   0.000124 
  11.08417   0.001323   0.000128 
  11.14465   0.001295   0.000128 
  11.20514   0.001169   0.000135 
  11.26562   0.001455   0.000132 
  11.32611   0.001350   0.000138 
  11.38659   0.001444   0.000134 
  11.44707   0.001355   0.000150 
  11.50756   0.001378   0.000140 
  11.56804   0.001374   0.000140 
  11.62852   0.001329   0.000146 
  11.68901   0.001401   0.000135 
  11.74949   0.001175   0.000147 
  11.80997   0.001229   0.000146 
  11.87046   0.001101   0.000146 
  11.93094   0.000917   0.000145 
  11.99143   0.001150   0.000144 
  12.05191   0.001273   0.000153 
  12.11239   0.001036   0.000243 
  12.17288   0.001093   0.000194 
  12.23336   0.001074   0.000288 
  12.29384   0.001043   0.000162 
  12.35433   0.000998   0.000139 
  12.41481   0.000961   0.000137 
  12.47529   0.001091   0.000142 
  12.53578   0.001160   0.000136 
  12.59626   0.001282   0.000140 
  12.65675   0.001083   0.000138 
  12.71723   0.000975   0.000144 
  12.77771   0.000987   0.000145 
  12.83820   0.001117   0.000151 
  12.89868   0.001036   0.000150 
  12.95916   0.000885   0.000157 
  13.01965   0.001016   0.000157 
  13.08013   0.001068   0.000167 
  13.14061   0.000785   0.000166 
  13.20110   0.000956   0.000177 
  13.26158   0.000990   0.000179 
  13.32206   0.000970   0.000185 
  13.38255   0.000936   0.000197 
  13.44303   0.000838   0.000197 
  13.50352   0.000984   0.000223 
  13.56400   0.001207   0.000206 
  13.62448   0.000931   0.000209 
  13.68497   0.001065   0.000220 
  13.74545   0.001114   0.000212 
  13.80593   0.000994   0.000213 
  13.86642   0.000893   0.000212 
  13.92690   0.000985   0.000236 
  13.98738   0.001101   0.000232 
  14.04787   0.000961   0.000236 
  14.10835   0.001011   0.000241 
  14.16884   0.001021   0.000246 
