#  wl(um)    flux(Jy)  eflux(Jy) 
   5.21725   0.004679   0.000275 
   5.24749   0.004628   0.000193 
   5.27773   0.004576   0.000190 
   5.30797   0.004288   0.000199 
   5.33821   0.004324   0.000169 
   5.36846   0.004263   0.000182 
   5.39870   0.004317   0.000175 
   5.42894   0.004336   0.000168 
   5.45918   0.004364   0.000161 
   5.48942   0.004438   0.000167 
   5.51967   0.004107   0.000161 
   5.54991   0.004065   0.000157 
   5.58015   0.003978   0.000147 
   5.61039   0.003993   0.000176 
   5.64063   0.004110   0.000174 
   5.67088   0.004137   0.000160 
   5.70112   0.003932   0.000156 
   5.73136   0.003757   0.000155 
   5.76160   0.003867   0.000152 
   5.79184   0.003916   0.000164 
   5.82209   0.003844   0.000169 
   5.85233   0.003798   0.000161 
   5.88257   0.003961   0.000199 
   5.91281   0.004037   0.000222 
   5.94305   0.003897   0.000222 
   5.97330   0.003971   0.000255 
   6.00354   0.003998   0.000294 
   6.03378   0.004097   0.000164 
   6.06402   0.004000   0.000156 
   6.09426   0.003927   0.000197 
   6.12451   0.004030   0.000300 
   6.15475   0.004022   0.000159 
   6.18499   0.004041   0.000166 
   6.21523   0.003911   0.000147 
   6.24547   0.003849   0.000163 
   6.27572   0.003902   0.000159 
   6.30596   0.003962   0.000179 
   6.33620   0.003774   0.000188 
   6.36644   0.003639   0.000199 
   6.39668   0.003517   0.000203 
   6.42693   0.003602   0.000181 
   6.45717   0.003429   0.000193 
   6.48741   0.003420   0.000224 
   6.51765   0.003553   0.000207 
   6.54789   0.003480   0.000202 
   6.57814   0.003167   0.000212 
   6.60838   0.003081   0.000215 
   6.63862   0.003410   0.000211 
   6.66886   0.003246   0.000209 
   6.69910   0.003117   0.000231 
   6.72935   0.003134   0.000194 
   6.75959   0.003197   0.000201 
   6.78983   0.003120   0.000209 
   6.82007   0.003077   0.000218 
   6.85031   0.003314   0.000233 
   6.88056   0.003323   0.000231 
   6.91080   0.003415   0.000224 
   6.94104   0.003578   0.000246 
   6.97128   0.003271   0.000265 
   7.00152   0.003460   0.000282 
   7.03177   0.003318   0.000272 
   7.06201   0.003051   0.000256 
   7.09225   0.003099   0.000282 
   7.12249   0.002840   0.000253 
   7.15273   0.002740   0.000264 
   7.18298   0.003291   0.000264 
   7.21322   0.002962   0.000265 
   7.24346   0.003212   0.000303 
   7.27370   0.003462   0.000303 
   7.30394   0.003118   0.000328 
   7.33419   0.003159   0.000558 
   7.36443   0.002711   0.000384 
   7.39467   0.002607   0.000308 
   7.42491   0.002988   0.000340 
   7.45515   0.002984   0.000313 
   7.48540   0.002996   0.000340 
   7.51564   0.002756   0.000194 
   7.57612   0.002764   0.000176 
   7.63660   0.003009   0.000161 
   7.69709   0.002792   0.000177 
   7.75757   0.002538   0.000149 
   7.81805   0.002662   0.000131 
   7.87854   0.002336   0.000156 
   7.93902   0.002503   0.000136 
   7.99951   0.002509   0.000122 
   8.05999   0.002377   0.000112 
   8.12047   0.002611   0.000111 
   8.18096   0.002460   0.000118 
   8.24144   0.002268   0.000108 
   8.30192   0.002344   0.000115 
   8.36241   0.002224   0.000108 
   8.42289   0.002092   0.000107 
   8.48337   0.002152   0.000106 
   8.54386   0.002255   0.000110 
   8.60434   0.002065   0.000133 
   8.66483   0.002233   0.000120 
   8.72531   0.002192   0.000119 
   8.78579   0.002295   0.000109 
   8.84628   0.002094   0.000112 
   8.90676   0.002136   0.000110 
   8.96724   0.002189   0.000118 
   9.02773   0.002239   0.000125 
   9.08821   0.002129   0.000151 
   9.14869   0.002239   0.000154 
   9.20918   0.002010   0.000147 
   9.26966   0.002100   0.000128 
   9.33015   0.002222   0.000127 
   9.39063   0.002137   0.000138 
   9.45111   0.002184   0.000150 
   9.51160   0.001996   0.000191 
   9.57208   0.001935   0.000131 
   9.63256   0.002124   0.000132 
   9.69305   0.001919   0.000133 
   9.75353   0.002105   0.000201 
   9.81401   0.002004   0.000181 
   9.87450   0.001841   0.000164 
   9.93498   0.001989   0.000125 
   9.99547   0.001780   0.000114 
  10.05595   0.001828   0.000116 
  10.11643   0.001916   0.000115 
  10.17692   0.002052   0.000108 
  10.23740   0.001921   0.000111 
  10.29788   0.001854   0.000120 
  10.35837   0.001804   0.000118 
  10.41885   0.001829   0.000122 
  10.47933   0.001700   0.000128 
  10.53982   0.001610   0.000124 
  10.60030   0.001919   0.000121 
  10.66079   0.001828   0.000142 
  10.72127   0.001798   0.000142 
  10.78175   0.001832   0.000140 
  10.84224   0.001542   0.000142 
  10.90272   0.001350   0.000160 
  10.96320   0.001568   0.000150 
  11.02369   0.001659   0.000154 
  11.08417   0.001610   0.000152 
  11.14465   0.001554   0.000152 
  11.20514   0.001727   0.000157 
  11.26562   0.001552   0.000173 
  11.32611   0.001700   0.000156 
  11.38659   0.001473   0.000156 
  11.44707   0.001528   0.000209 
  11.50756   0.001753   0.000167 
  11.56804   0.001525   0.000164 
  11.62852   0.001441   0.000170 
  11.68901   0.001512   0.000171 
  11.74949   0.001187   0.000166 
  11.80997   0.001344   0.000172 
  11.87046   0.001218   0.000176 
  11.93094   0.001259   0.000166 
  11.99143   0.001213   0.000180 
  12.05191   0.001516   0.000177 
  12.11239   0.001465   0.000188 
  12.17288   0.001221   0.000177 
  12.23336   0.001142   0.000169 
  12.29384   0.001498   0.000173 
  12.35433   0.001432   0.000172 
  12.41481   0.001066   0.000166 
  12.47529   0.001323   0.000166 
  12.53578   0.001437   0.000164 
  12.59626   0.001478   0.000156 
  12.65675   0.001398   0.000166 
  12.71723   0.001290   0.000170 
  12.77771   0.001217   0.000160 
  12.83820   0.001129   0.000167 
  12.89868   0.000951   0.000175 
  12.95916   0.001180   0.000181 
  13.01965   0.001179   0.000188 
  13.08013   0.001295   0.000201 
  13.14061   0.001238   0.000204 
  13.20110   0.000933   0.000205 
  13.26158   0.001267   0.000210 
  13.32206   0.001292   0.000213 
  13.38255   0.001499   0.000219 
  13.44303   0.001334   0.000236 
  13.50352   0.001118   0.000240 
  13.56400   0.001285   0.000234 
  13.62448   0.001155   0.000237 
  13.68497   0.001219   0.000249 
  13.74545   0.001090   0.000244 
  13.80593   0.001381   0.000253 
  13.86642   0.001203   0.000255 
  13.92690   0.001405   0.000286 
  13.98738   0.001461   0.000256 
  14.04787   0.001496   0.000267 
  14.10835   0.001374   0.000283 
  14.16884   0.001246   0.000277 
