#  wl(um)    flux(Jy)  eflux(Jy) 
   5.21725   0.006440   0.000290 
   5.24749   0.006580   0.000278 
   5.27773   0.006643   0.000257 
   5.30797   0.006379   0.000240 
   5.33821   0.006561   0.000239 
   5.36846   0.006298   0.000259 
   5.39870   0.006337   0.000242 
   5.42894   0.005811   0.000243 
   5.45918   0.005993   0.000237 
   5.48942   0.006066   0.000266 
   5.51967   0.005682   0.000213 
   5.54991   0.005563   0.000216 
   5.58015   0.005604   0.000211 
   5.61039   0.005549   0.000231 
   5.64063   0.005686   0.000222 
   5.67088   0.005619   0.000206 
   5.70112   0.005726   0.000208 
   5.73136   0.005488   0.000336 
   5.76160   0.005448   0.000504 
   5.79184   0.005329   0.000431 
   5.82209   0.005364   0.000221 
   5.85233   0.005532   0.000221 
   5.88257   0.005565   0.000214 
   5.91281   0.005401   0.000238 
   5.94305   0.005532   0.000224 
   5.97330   0.005532   0.000210 
   6.00354   0.005657   0.000210 
   6.03378   0.005353   0.000207 
   6.06402   0.005559   0.000227 
   6.09426   0.005606   0.000286 
   6.12451   0.005874   0.000218 
   6.15475   0.005674   0.000213 
   6.18499   0.005936   0.000223 
   6.21523   0.005685   0.000209 
   6.24547   0.005681   0.000219 
   6.27572   0.005809   0.000224 
   6.30596   0.005947   0.000230 
   6.33620   0.005971   0.000399 
   6.36644   0.005880   0.000273 
   6.39668   0.005844   0.000266 
   6.42693   0.005277   0.000255 
   6.45717   0.005173   0.000248 
   6.48741   0.004842   0.000290 
   6.51765   0.004629   0.000249 
   6.54789   0.004331   0.000272 
   6.57814   0.004420   0.000277 
   6.60838   0.004493   0.000286 
   6.63862   0.004127   0.000260 
   6.66886   0.004282   0.000267 
   6.69910   0.004288   0.000243 
   6.72935   0.004403   0.000264 
   6.75959   0.004267   0.000285 
   6.78983   0.004456   0.000283 
   6.82007   0.004333   0.000300 
   6.85031   0.004315   0.000283 
   6.88056   0.004470   0.000335 
   6.91080   0.004278   0.000295 
   6.94104   0.004435   0.000335 
   6.97128   0.004427   0.000366 
   7.00152   0.004537   0.000552 
   7.03177   0.004352   0.000340 
   7.06201   0.004173   0.000347 
   7.09225   0.004042   0.000363 
   7.12249   0.003996   0.000343 
   7.15273   0.004071   0.000336 
   7.18298   0.004474   0.000389 
   7.21322   0.004581   0.000421 
   7.24346   0.004747   0.000370 
   7.27370   0.004584   0.000416 
   7.30394   0.004392   0.000404 
   7.33419   0.004242   0.000389 
   7.36443   0.003915   0.000401 
   7.39467   0.003820   0.000539 
   7.42491   0.004222   0.000935 
   7.45515   0.003937   0.000427 
   7.48540   0.004340   0.000439 
   7.51564   0.003687   0.000261 
   7.57612   0.003448   0.000264 
   7.63660   0.003321   0.000312 
   7.69709   0.003447   0.000261 
   7.75757   0.003571   0.000177 
   7.81805   0.003199   0.000185 
   7.87854   0.003063   0.000187 
   7.93902   0.003123   0.000188 
   7.99951   0.003072   0.000177 
   8.05999   0.003455   0.000240 
   8.12047   0.003398   0.000342 
   8.18096   0.002823   0.000318 
   8.24144   0.003014   0.000160 
   8.30192   0.003045   0.000173 
   8.36241   0.002880   0.000174 
   8.42289   0.002744   0.000147 
   8.48337   0.002860   0.000143 
   8.54386   0.002819   0.000153 
   8.60434   0.002633   0.000175 
   8.66483   0.002842   0.000154 
   8.72531   0.002967   0.000158 
   8.78579   0.002834   0.000146 
   8.84628   0.002504   0.000152 
   8.90676   0.002690   0.000153 
   8.96724   0.002641   0.000159 
   9.02773   0.002274   0.000201 
   9.08821   0.002334   0.000158 
   9.14869   0.002590   0.000162 
   9.20918   0.002460   0.000153 
   9.26966   0.002464   0.000164 
   9.33015   0.002387   0.000186 
   9.39063   0.002382   0.000175 
   9.45111   0.002465   0.000185 
   9.51160   0.002335   0.000164 
   9.57208   0.002577   0.000186 
   9.63256   0.002511   0.000168 
   9.69305   0.002303   0.000164 
   9.75353   0.002665   0.000303 
   9.81401   0.002418   0.000256 
   9.87450   0.002123   0.000169 
   9.93498   0.002017   0.000158 
   9.99547   0.002196   0.000149 
  10.05595   0.002363   0.000151 
  10.11643   0.001999   0.000340 
  10.17692   0.002218   0.000168 
  10.23740   0.002204   0.000154 
  10.29788   0.001930   0.000154 
  10.35837   0.002000   0.000158 
  10.41885   0.001945   0.000176 
  10.47933   0.001880   0.000170 
  10.53982   0.002364   0.000166 
  10.60030   0.002299   0.000184 
  10.66079   0.001943   0.000184 
  10.72127   0.002066   0.000176 
  10.78175   0.001853   0.000186 
  10.84224   0.001821   0.000196 
  10.90272   0.001921   0.000194 
  10.96320   0.001832   0.000201 
  11.02369   0.001495   0.000213 
  11.08417   0.001883   0.000208 
  11.14465   0.002034   0.000210 
  11.20514   0.002185   0.000219 
  11.26562   0.001495   0.000218 
  11.32611   0.001742   0.000230 
  11.38659   0.001804   0.000222 
  11.44707   0.001672   0.000211 
  11.50756   0.001568   0.000222 
  11.56804   0.001746   0.000228 
  11.62852   0.001927   0.000241 
  11.68901   0.001971   0.000230 
  11.74949   0.001649   0.000246 
  11.80997   0.001788   0.000253 
  11.87046   0.001774   0.000228 
  11.93094   0.001524   0.000257 
  11.99143   0.001382   0.000255 
  12.05191   0.001291   0.000231 
  12.11239   0.001895   0.000231 
  12.17288   0.001901   0.000246 
  12.23336   0.001844   0.000233 
  12.29384   0.001586   0.000390 
  12.35433   0.001820   0.000402 
  12.41481   0.001672   0.000273 
  12.47529   0.001505   0.000227 
  12.53578   0.001559   0.000222 
  12.59626   0.001503   0.000224 
  12.65675   0.001625   0.000225 
  12.71723   0.001897   0.000225 
  12.77771   0.001719   0.000234 
  12.83820   0.001500   0.000230 
  12.89868   0.001511   0.000296 
  12.95916   0.001476   0.000370 
  13.01965   0.001382   0.000348 
  13.08013   0.001594   0.000275 
  13.14061   0.001244   0.000296 
  13.20110   0.001685   0.000335 
  13.26158   0.001493   0.000325 
  13.32206   0.001254   0.000333 
  13.38255   0.001339   0.000301 
  13.44303   0.001440   0.000324 
  13.50352   0.001342   0.000327 
  13.56400   0.001760   0.000345 
  13.62448   0.001291   0.000398 
  13.68497   0.001669   0.000347 
  13.74545   0.001634   0.000336 
  13.80593   0.001251   0.000351 
  13.86642   0.001309   0.000416 
  13.92690   0.001489   0.000381 
  13.98738   0.001326   0.000387 
  14.04787   0.001409   0.000366 
  14.10835   0.001015   0.000392 
  14.16884   0.001306   0.000394 
