#  wl(um)    flux(Jy)  eflux(Jy) 
   5.21725   0.003361   0.000195 
   5.24749   0.003129   0.000152 
   5.27773   0.002976   0.000152 
   5.30797   0.003021   0.000139 
   5.33821   0.002843   0.000136 
   5.36846   0.002584   0.000133 
   5.39870   0.002543   0.000137 
   5.42894   0.002390   0.000144 
   5.45918   0.002550   0.000215 
   5.48942   0.002614   0.000134 
   5.51967   0.002577   0.000121 
   5.54991   0.002198   0.000128 
   5.58015   0.002275   0.000122 
   5.61039   0.002378   0.000132 
   5.64063   0.002239   0.000123 
   5.67088   0.002186   0.000124 
   5.70112   0.002131   0.000121 
   5.73136   0.001998   0.000124 
   5.76160   0.002164   0.000132 
   5.79184   0.002145   0.000123 
   5.82209   0.001892   0.000124 
   5.85233   0.001928   0.000118 
   5.88257   0.002171   0.000120 
   5.91281   0.002134   0.000119 
   5.94305   0.002177   0.000132 
   5.97330   0.002029   0.000131 
   6.00354   0.002195   0.000140 
   6.03378   0.002193   0.000146 
   6.06402   0.002227   0.000128 
   6.09426   0.002318   0.000135 
   6.12451   0.002410   0.000121 
   6.15475   0.002282   0.000131 
   6.18499   0.002393   0.000128 
   6.21523   0.002574   0.000126 
   6.24547   0.002609   0.000129 
   6.27572   0.002702   0.000129 
   6.30596   0.002671   0.000138 
   6.33620   0.002497   0.000155 
   6.36644   0.001993   0.000172 
   6.39668   0.001780   0.000143 
   6.42693   0.001744   0.000134 
   6.45717   0.001583   0.000134 
   6.48741   0.001443   0.000138 
   6.51765   0.001465   0.000153 
   6.54789   0.001933   0.000149 
   6.57814   0.001606   0.000162 
   6.60838   0.001579   0.000167 
   6.63862   0.001628   0.000168 
   6.66886   0.001760   0.000156 
   6.69910   0.001909   0.000153 
   6.72935   0.001962   0.000153 
   6.75959   0.002020   0.000191 
   6.78983   0.001876   0.000233 
   6.82007   0.001912   0.000180 
   6.85031   0.001811   0.000195 
   6.88056   0.001792   0.000193 
   6.91080   0.001926   0.000190 
   6.94104   0.001808   0.000291 
   6.97128   0.001621   0.000297 
   7.00152   0.001973   0.000417 
   7.03177   0.001555   0.000226 
   7.06201   0.001826   0.000226 
   7.09225   0.001666   0.000303 
   7.12249   0.001961   0.000269 
   7.15273   0.001901   0.000262 
   7.18298   0.001782   0.000214 
   7.21322   0.001525   0.000239 
   7.24346   0.001618   0.000234 
   7.27370   0.001559   0.000239 
   7.30394   0.001683   0.000257 
   7.33419   0.001423   0.000257 
   7.36443   0.001182   0.000239 
   7.39467   0.001371   0.000242 
   7.42491   0.001175   0.000387 
   7.45515   0.001136   0.000329 
   7.48540   0.001199   0.000276 
   7.51564   0.001447   0.000153 
   7.57612   0.001694   0.000151 
   7.63660   0.001368   0.000139 
   7.69709   0.001030   0.000120 
   7.75757   0.001292   0.000120 
   7.81805   0.001612   0.000126 
   7.87854   0.001500   0.000106 
   7.93902   0.001496   0.000104 
   7.99951   0.001686   0.000099 
   8.05999   0.001510   0.000098 
   8.12047   0.001570   0.000095 
   8.18096   0.001618   0.000090 
   8.24144   0.001599   0.000094 
   8.30192   0.001500   0.000097 
   8.36241   0.001703   0.000117 
   8.42289   0.001847   0.000101 
   8.48337   0.001998   0.000090 
   8.54386   0.002121   0.000097 
   8.60434   0.002012   0.000100 
   8.66483   0.002069   0.000103 
   8.72531   0.002128   0.000102 
   8.78579   0.002155   0.000098 
   8.84628   0.002404   0.000098 
   8.90676   0.002107   0.000152 
   8.96724   0.002456   0.000104 
   9.02773   0.002413   0.000115 
   9.08821   0.002464   0.000146 
   9.14869   0.002402   0.000127 
   9.20918   0.002482   0.000111 
   9.26966   0.002661   0.000122 
   9.33015   0.002797   0.000144 
   9.39063   0.002546   0.000171 
   9.45111   0.002902   0.000137 
   9.51160   0.002997   0.000127 
   9.57208   0.003024   0.000115 
   9.63256   0.003055   0.000114 
   9.69305   0.003036   0.000118 
   9.75353   0.002982   0.000140 
   9.81401   0.002917   0.000131 
   9.87450   0.002962   0.000117 
   9.93498   0.002831   0.000105 
   9.99547   0.002962   0.000106 
  10.05595   0.002863   0.000103 
  10.11643   0.002684   0.000105 
  10.17692   0.003037   0.000099 
  10.23740   0.002834   0.000104 
  10.29788   0.002247   0.000109 
  10.35837   0.002041   0.000122 
  10.41885   0.001883   0.000114 
  10.47933   0.002002   0.000117 
  10.53982   0.001943   0.000135 
  10.60030   0.002225   0.000161 
  10.66079   0.002211   0.000146 
  10.72127   0.002079   0.000121 
  10.78175   0.002013   0.000121 
  10.84224   0.002216   0.000131 
  10.90272   0.002192   0.000141 
  10.96320   0.002089   0.000134 
  11.02369   0.002054   0.000141 
  11.08417   0.002396   0.000150 
  11.14465   0.002425   0.000146 
  11.20514   0.002230   0.000150 
  11.26562   0.002241   0.000149 
  11.32611   0.002325   0.000154 
  11.38659   0.002269   0.000155 
  11.44707   0.002483   0.000143 
  11.50756   0.002433   0.000151 
  11.56804   0.002100   0.000174 
  11.62852   0.002047   0.000159 
  11.68901   0.002249   0.000154 
  11.74949   0.001987   0.000159 
  11.80997   0.001937   0.000157 
  11.87046   0.002043   0.000162 
  11.93094   0.002162   0.000157 
  11.99143   0.002007   0.000156 
  12.05191   0.002105   0.000157 
  12.11239   0.001864   0.000160 
  12.17288   0.002236   0.000158 
  12.23336   0.001989   0.000152 
  12.29384   0.001998   0.000154 
  12.35433   0.001895   0.000227 
  12.41481   0.001848   0.000209 
  12.47529   0.001711   0.000182 
  12.53578   0.001953   0.000151 
  12.59626   0.002065   0.000151 
  12.65675   0.001955   0.000158 
  12.71723   0.001771   0.000182 
  12.77771   0.001866   0.000193 
  12.83820   0.001908   0.000174 
  12.89868   0.001821   0.000166 
  12.95916   0.001665   0.000174 
  13.01965   0.001759   0.000177 
  13.08013   0.001543   0.000187 
  13.14061   0.001724   0.000281 
  13.20110   0.001744   0.000256 
  13.26158   0.001464   0.000266 
  13.32206   0.001520   0.000198 
  13.38255   0.001476   0.000214 
  13.44303   0.001629   0.000239 
  13.50352   0.001680   0.000268 
  13.56400   0.001716   0.000232 
  13.62448   0.001489   0.000239 
  13.68497   0.001594   0.000226 
  13.74545   0.001588   0.000247 
  13.80593   0.001570   0.000256 
  13.86642   0.001752   0.000266 
  13.92690   0.001632   0.000249 
  13.98738   0.001754   0.000246 
  14.04787   0.001737   0.000245 
  14.15403   0.001439   0.000390 
  14.23871   0.001570   0.000326 
  14.32338   0.001698   0.000296 
  14.40806   0.001798   0.000296 
  14.49274   0.001204   0.000284 
  14.57741   0.001203   0.000309 
  14.66209   0.001869   0.000450 
  14.74677   0.001964   0.000377 
  14.83145   0.001861   0.000360 
  14.91612   0.000889   0.000387 
  15.00080   0.001362   0.000331 
  15.08548   0.001107   0.000346 
  15.17015   0.000505   0.000346 
  15.25483   0.000674   0.000315 
  15.33951   0.000995   0.000301 
  15.42418   0.000916   0.000271 
  15.50886   0.000971   0.000263 
  15.59354   0.001030   0.000262 
  15.67821   0.001200   0.000274 
  15.76289   0.001134   0.000295 
  15.84757   0.000705   0.000311 
  15.93224   0.001208   0.000389 
  16.01692   0.000767   0.000465 
  16.10160   0.001467   0.000466 
  16.18628   0.001002   0.000410 
  16.27095   0.001384   0.000457 
  16.35563   0.001511   0.000421 
  16.44031   0.001398   0.000420 
  16.52498   0.000377   0.000372 
  16.60966   0.000213   0.000356 
  16.69434   0.000819   0.000353 
  16.77901   0.001402   0.000393 
  16.86369   0.001175   0.000422 
  16.94837   0.001618   0.000439 
  17.03304   0.001967   0.000414 
  17.11772   0.001702   0.000398 
  17.20240   0.000974   0.000645 
  17.28707   0.000605   0.000762 
  17.37175   0.001161   0.000510 
  17.45643   0.001062   0.000420 
  17.54111   0.001547   0.000407 
  17.62578   0.001284   0.000375 
  17.71046   0.001828   0.000386 
  17.79514   0.002262   0.000432 
  17.87981   0.000918   0.000450 
  17.96449   0.000590   0.000463 
  18.04917   0.001205   0.000582 
  18.13384   0.001965   0.000528 
  18.21852   0.002276   0.000526 
  18.30320   0.000467   0.000580 
  18.38787   0.000664   0.000562 
  18.47255   0.001091   0.000566 
  18.55723   0.001005   0.000509 
  18.64190   0.002035   0.000511 
  18.72658   0.001503   0.000506 
  18.81126   0.000854   0.000480 
  18.89594   0.000523   0.000493 
  18.98061   0.000633   0.000505 
  19.06529   0.000742   0.000541 
  19.14997   0.000989   0.000612 
  19.23464   0.001186   0.000698 
  19.31932   0.001884   0.000665 
  19.40400   0.001756   0.000717 
  19.48867   0.002512   0.000754 
  19.57335   0.002534   0.000711 
  19.65803   0.001285   0.000729 
  19.74270   0.001298   0.000612 
  19.82738   0.002140   0.000634 
  19.91206   0.002446   0.000668 
  19.99673   0.000877   0.000676 
  20.08141   0.000882   0.000696 
  20.16609   0.000855   0.000690 
  20.25077   0.001126   0.000727 
  20.33544   0.000694   0.000769 
  20.42012   0.000701   0.000848 
  20.58947   0.000273   0.000422 
  20.75883   0.000445   0.000453 
  20.92818   0.000905   0.000418 
  21.09753   0.000741   0.000415 
  21.26689   0.001292   0.000594 
  21.43624   0.001148   0.000428 
  21.60560   0.001057   0.000337 
  21.77495   0.000726   0.000380 
  21.94430   0.001444   0.000416 
  22.11366   0.000712   0.000369 
  22.28301   0.001130   0.000407 
  22.45236   0.001073   0.000355 
  22.62172   0.000253   0.000388 
  22.79107   0.000778   0.000347 
  22.96043   0.000855   0.000286 
  23.12978   0.000605   0.000288 
  23.29913   0.000786   0.000328 
  23.46849   0.000961   0.000317 
  23.63784   0.000528   0.000316 
  23.80719   0.000505   0.000275 
  23.97655   0.001189   0.000277 
  24.14590   0.000763   0.000293 
  24.31526   0.001272   0.000313 
  24.48461   0.001185   0.000291 
  24.65396   0.001240   0.000293 
  24.82332   0.001206   0.000308 
  24.99267   0.000900   0.000347 
  25.16202   0.001051   0.000370 
  25.33138   0.001568   0.000334 
  25.50073   0.001418   0.000404 
  25.67009   0.000820   0.000347 
  25.83944   0.000375   0.000375 
  26.00879   0.001126   0.000381 
  26.17815   0.001135   0.000344 
  26.34750   0.000917   0.000315 
  26.51685   0.001544   0.000300 
  26.68621   0.001265   0.000295 
  26.85556   0.000383   0.000305 
  27.02492   0.000467   0.000307 
  27.19427   0.000880   0.000318 
  27.36362   0.000735   0.000307 
  27.53298   0.000550   0.000295 
  27.70233   0.000964   0.000309 
  27.87168   0.000771   0.000356 
  28.04104   0.001222   0.000408 
  28.21039   0.001482   0.000460 
  28.37975   0.000465   0.000422 
  28.54910   0.000817   0.000404 
  28.71845  -0.000049   0.000365 
  28.88781  -0.000327   0.000380 
  29.05716   0.000016   0.000442 
  29.22651  -0.000091   0.000431 
  29.39587   0.000541   0.000420 
  29.56522   0.000510   0.000380 
  29.73458   0.000109   0.000363 
  29.90393   0.000610   0.000361 
  30.07328   0.000813   0.000366 
  30.24264   0.000834   0.000365 
  30.41199   0.001164   0.000403 
  30.58134   0.000972   0.000504 
  30.75070   0.001360   0.000536 
  30.92005   0.000140   0.000537 
  31.08941  -0.000537   0.000773 
  31.25876  -0.000700   0.000680 
  31.42811   0.001683   0.000792 
  31.59747   0.000532   0.000787 
  31.76682   0.001419   0.000609 
  31.93617   0.001606   0.000594 
  32.10553   0.001686   0.000576 
  32.27488   0.001467   0.000581 
  32.44424   0.001594   0.000599 
  32.61359   0.000746   0.000601 
  32.78294   0.000119   0.000595 
  32.95230   0.000414   0.000636 
  33.12165   0.000853   0.000742 
  33.29100   0.001404   0.000805 
  33.46036   0.001258   0.000888 
  33.62971   0.000063   0.001080 
  33.79907   0.001078   0.001009 
  33.96842   0.001403   0.001074 
  34.13777   0.000049   0.001450 
  34.30713   0.000264   0.001039 
  34.47648  -0.000718   0.000936 
  34.64583  -0.000667   0.000961 
  34.81519   0.000457   0.001096 
  34.98454   0.001324   0.001201 
  35.15390   0.002585   0.001161 
  35.32325   0.002677   0.001362 
  35.49260   0.001655   0.001509 
  35.66196  -0.000172   0.001920 
  35.83131   0.000632   0.002213 
  36.00066   0.001650   0.001782 
  36.17002   0.000175   0.001902 
  36.33937   0.001262   0.001844 
  36.50873   0.002074   0.001777 
  36.67808   0.002815   0.001805 
  36.84743   0.002102   0.001712 
  37.01679   0.003272   0.001842 
  37.18614   0.002427   0.002365 
  37.35549  -0.000276   0.002748 
  37.52485  -0.000267   0.002851 
  37.69420  -0.001351   0.003894 
  37.86356   0.002604   0.004830 
