#  wl(um)    flux(Jy)  eflux(Jy) 
   5.21725   0.001158   0.000292 
   5.24749   0.001362   0.000264 
   5.27773   0.001183   0.000269 
   5.30797   0.000729   0.000242 
   5.33821   0.000941   0.000231 
   5.36846   0.001062   0.000241 
   5.39870   0.000720   0.000244 
   5.42894   0.000662   0.000244 
   5.45918   0.000945   0.000214 
   5.48942   0.000962   0.000221 
   5.51967   0.000670   0.000212 
   5.54991   0.000968   0.000206 
   5.58015   0.001029   0.000204 
   5.61039   0.001114   0.000219 
   5.64063   0.000841   0.000202 
   5.67088   0.000852   0.000210 
   5.70112   0.000902   0.000317 
   5.73136   0.000818   0.000229 
   5.76160   0.000712   0.000235 
   5.79184   0.001079   0.000219 
   5.82209   0.000752   0.000266 
   5.85233   0.000762   0.000227 
   5.88257   0.000552   0.000233 
   5.91281   0.000791   0.000227 
   5.94305   0.001156   0.000231 
   5.97330   0.001222   0.000219 
   6.00354   0.001199   0.000277 
   6.03378   0.000698   0.000237 
   6.06402   0.000379   0.000267 
   6.09426   0.000689   0.000269 
   6.12451   0.001114   0.000202 
   6.15475   0.001089   0.000208 
   6.18499   0.000573   0.000233 
   6.21523   0.000899   0.000208 
   6.24547   0.001509   0.000323 
   6.27572   0.001203   0.000279 
   6.30596   0.001345   0.000242 
   6.33620   0.001418   0.000233 
   6.36644   0.001280   0.000254 
   6.39668   0.001197   0.000254 
   6.42693   0.000797   0.000252 
   6.45717   0.001099   0.000241 
   6.48741   0.000627   0.000539 
   6.51765   0.000781   0.000283 
   6.54789   0.000558   0.000283 
   6.57814   0.000591   0.000306 
   6.60838   0.000999   0.000302 
   6.63862   0.001205   0.000327 
   6.66886   0.001126   0.000331 
   6.69910   0.000904   0.000302 
   6.72935   0.000466   0.000269 
   6.75959   0.000577   0.000279 
   6.78983   0.000797   0.000298 
   6.82007   0.000679   0.000385 
   6.85031   0.000612   0.000339 
   6.88056   0.000448   0.000346 
   6.91080   0.000695   0.000325 
   6.94104   0.000741   0.000369 
   6.97128   0.000720   0.000366 
   7.00152   0.000920   0.000495 
   7.03177   0.001245   0.000371 
   7.06201   0.001091   0.000391 
   7.09225   0.001222   0.000414 
   7.12249   0.001120   0.000437 
   7.15273   0.000452   0.000418 
   7.18298   0.000514   0.000394 
   7.21322   0.000473   0.000385 
   7.24346   0.000720   0.000414 
   7.27370   0.000439   0.000418 
   7.30394   0.000404   0.000425 
   7.33419   0.000431   0.000404 
   7.36443   0.000575   0.000402 
   7.39467   0.001054   0.000400 
   7.42491   0.000764   0.000400 
   7.45515   0.000437   0.000443 
   7.48540   0.000287   0.000458 
   7.51564   0.000431   0.000383 
   7.57612   0.000279   0.000343 
   7.63660   0.000454   0.000269 
   7.69709   0.000541   0.000264 
   7.75757   0.000466   0.000208 
   7.81805   0.000477   0.000192 
   7.87854   0.000756   0.000198 
   7.93902   0.000797   0.000198 
   7.99951   0.000858   0.000183 
   8.05999   0.000899   0.000167 
   8.12047   0.000868   0.000175 
   8.18096   0.000739   0.000175 
   8.24144   0.000741   0.000173 
   8.30192   0.000435   0.000204 
   8.36241   0.000643   0.000202 
   8.42289   0.000656   0.000154 
   8.48337   0.000635   0.000173 
   8.54386   0.000787   0.000252 
   8.60434   0.000722   0.000183 
   8.66483   0.000583   0.000171 
   8.72531   0.000989   0.000164 
   8.78579   0.001106   0.000167 
   8.84628   0.000933   0.000167 
   8.90676   0.000635   0.000175 
   8.96724   0.000714   0.000177 
   9.02773   0.000691   0.000194 
   9.08821   0.000799   0.000202 
   9.14869   0.000949   0.000187 
   9.20918   0.000772   0.000192 
   9.26966   0.000952   0.000194 
   9.33015   0.000779   0.000217 
   9.39063   0.000750   0.000239 
   9.45111   0.000902   0.000214 
   9.51160   0.001064   0.000206 
   9.57208   0.000908   0.000202 
   9.63256   0.000791   0.000212 
   9.69305   0.000818   0.000217 
   9.75353   0.000877   0.000246 
   9.81401   0.000958   0.000239 
   9.87450   0.001139   0.000200 
   9.93498   0.001039   0.000221 
   9.99547   0.000912   0.000206 
  10.05595   0.000806   0.000194 
  10.11643   0.001087   0.000192 
  10.17692   0.000850   0.000196 
  10.23740   0.000797   0.000196 
  10.29788   0.000364   0.000204 
  10.35837   0.000591   0.000202 
  10.41885   0.000535   0.000212 
  10.47933   0.000650   0.000221 
  10.53982   0.000564   0.000256 
  10.60030   0.000498   0.000246 
  10.66079   0.000829   0.000258 
  10.72127   0.000625   0.000219 
  10.78175   0.000787   0.000246 
  10.84224   0.000926   0.000262 
  10.90272   0.000727   0.000269 
  10.96320   0.000466   0.000267 
  11.02369   0.000591   0.000292 
  11.08417   0.000927   0.000267 
  11.14465   0.000664   0.000271 
  11.20514   0.000385   0.000296 
  11.26562   0.000604   0.000339 
  11.32611   0.000350   0.000291 
  11.38659   0.000747   0.000294 
  11.44707   0.000750   0.000321 
  11.50756   0.000279   0.000319 
  11.56804   0.000893   0.000383 
  11.62852   0.000523   0.000316 
  11.68901   0.000327   0.000310 
  11.74949   0.000770   0.000312 
  11.80997   0.000608   0.000317 
  11.87046   0.000543   0.000352 
  11.93094   0.000681   0.000312 
  11.99143   0.000641   0.000323 
  12.05191   0.000406   0.000317 
  12.11239   0.000774   0.000310 
  12.17288   0.000679   0.000337 
  12.23336   0.000637   0.000339 
  12.29384   0.000714   0.000314 
  12.35433   0.000881   0.000335 
  12.41481   0.000383   0.000312 
  12.47529   0.000935   0.000310 
  12.53578   0.000708   0.000304 
  12.59626   0.000610   0.000316 
  12.65675   0.000645   0.000310 
  12.71723   0.000748   0.000317 
  12.77771   0.000650   0.000319 
  12.83820   0.000404   0.000319 
  12.89868   0.000852   0.000331 
  12.95916   0.000747   0.000369 
  13.01965   0.000516   0.000366 
  13.08013   0.000841   0.000373 
  13.14061   0.000720   0.000466 
  13.20110   0.000643   0.000383 
  13.26158   0.000670   0.000398 
  13.32206   0.000418   0.000443 
  13.38255   0.000608   0.000429 
  13.44303   0.000456   0.000419 
  13.50352   0.000641   0.000462 
  13.56400   0.000418   0.000448 
  13.62448   0.000383   0.000444 
  13.68497   0.000496   0.000444 
  13.74545   0.000443   0.000462 
  13.80593   0.000781   0.000473 
  13.86642   0.000631   0.000460 
  13.92690   0.000296   0.000483 
  13.98738   0.000762   0.000506 
  14.04787   0.000877   0.000518 
  14.10835   0.000460   0.000518 
  14.16884   0.000618   0.000543 
