#  wl(um)    flux(Jy)  eflux(Jy) 
   5.21725   0.006994   0.000302 
   5.24749   0.006495   0.000280 
   5.27773   0.006418   0.000293 
   5.30797   0.005986   0.000326 
   5.33821   0.006427   0.000255 
   5.36846   0.006140   0.000276 
   5.39870   0.005754   0.000257 
   5.42894   0.006037   0.000237 
   5.45918   0.005811   0.000222 
   5.48942   0.005616   0.000210 
   5.51967   0.005756   0.000210 
   5.54991   0.005666   0.000224 
   5.58015   0.005444   0.000216 
   5.61039   0.006016   0.000226 
   5.64063   0.006142   0.000221 
   5.67088   0.005716   0.000225 
   5.70112   0.005432   0.000201 
   5.73136   0.005804   0.000204 
   5.76160   0.005676   0.000226 
   5.79184   0.005343   0.000229 
   5.82209   0.005496   0.000231 
   5.85233   0.005611   0.000218 
   5.88257   0.005248   0.000213 
   5.91281   0.005326   0.000231 
   5.94305   0.005079   0.000236 
   5.97330   0.005623   0.000238 
   6.00354   0.005997   0.000242 
   6.03378   0.005464   0.000219 
   6.06402   0.005234   0.000233 
   6.09426   0.005907   0.000240 
   6.12451   0.005854   0.000233 
   6.15475   0.005603   0.000237 
   6.18499   0.005916   0.000250 
   6.21523   0.005854   0.000244 
   6.24547   0.005716   0.000236 
   6.27572   0.005812   0.000257 
   6.30596   0.005586   0.000247 
   6.33620   0.005903   0.000263 
   6.36644   0.005841   0.000291 
   6.39668   0.005759   0.000293 
   6.42693   0.005082   0.000279 
   6.45717   0.004728   0.000285 
   6.48741   0.004815   0.000294 
   6.51765   0.004560   0.000329 
   6.54789   0.004449   0.000337 
   6.57814   0.004377   0.000309 
   6.60838   0.004547   0.000824 
   6.63862   0.004292   0.000332 
   6.66886   0.004085   0.000294 
   6.69910   0.004405   0.000289 
   6.72935   0.004378   0.000321 
   6.75959   0.004589   0.000323 
   6.78983   0.004268   0.000352 
   6.82007   0.004669   0.000363 
   6.85031   0.004650   0.000352 
   6.88056   0.004731   0.000363 
   6.91080   0.004471   0.000405 
   6.94104   0.004387   0.000547 
   6.97128   0.004300   0.001027 
   7.00152   0.004435   0.000427 
   7.03177   0.004107   0.000433 
   7.06201   0.004230   0.000452 
   7.09225   0.004301   0.000442 
   7.12249   0.004005   0.000386 
   7.15273   0.004040   0.000396 
   7.18298   0.004205   0.000387 
   7.21322   0.003838   0.000439 
   7.24346   0.003938   0.000469 
   7.27370   0.004462   0.000481 
   7.30394   0.003982   0.000495 
   7.33419   0.003875   0.000453 
   7.36443   0.003667   0.000467 
   7.39467   0.003362   0.000453 
   7.42491   0.003851   0.000448 
   7.45515   0.003747   0.000512 
   7.48540   0.003515   0.000532 
   7.51564   0.004222   0.000254 
   7.57612   0.003978   0.000366 
   7.63660   0.003853   0.000317 
   7.69709   0.003891   0.000441 
   7.75757   0.003624   0.000225 
   7.81805   0.003638   0.000261 
   7.87854   0.003393   0.000263 
   7.93902   0.003393   0.000187 
   7.99951   0.003392   0.000160 
   8.05999   0.003308   0.000172 
   8.12047   0.003368   0.000197 
   8.18096   0.003659   0.000163 
   8.24144   0.003495   0.000164 
   8.30192   0.003152   0.000157 
   8.36241   0.003341   0.000156 
   8.42289   0.003315   0.000160 
   8.48337   0.003225   0.000158 
   8.54386   0.003275   0.000167 
   8.60434   0.003361   0.000329 
   8.66483   0.003140   0.000176 
   8.72531   0.003329   0.000177 
   8.78579   0.003195   0.000191 
   8.84628   0.003286   0.000181 
   8.90676   0.003243   0.000173 
   8.96724   0.003066   0.000202 
   9.02773   0.003071   0.000184 
   9.08821   0.002972   0.000175 
   9.14869   0.002941   0.000187 
   9.20918   0.003065   0.000229 
   9.26966   0.003076   0.000190 
   9.33015   0.002941   0.000240 
   9.39063   0.002931   0.000199 
   9.45111   0.002796   0.000197 
   9.51160   0.002615   0.000222 
   9.57208   0.002766   0.000206 
   9.63256   0.002864   0.000207 
   9.69305   0.002923   0.000191 
   9.75353   0.002614   0.000199 
   9.81401   0.002640   0.000188 
   9.87450   0.002755   0.000199 
   9.93498   0.002699   0.000178 
   9.99547   0.002615   0.000174 
  10.05595   0.002474   0.000173 
  10.11643   0.002570   0.000176 
  10.17692   0.002736   0.000171 
  10.23740   0.002608   0.000175 
  10.29788   0.002330   0.000181 
  10.35837   0.002396   0.000186 
  10.41885   0.002255   0.000195 
  10.47933   0.002377   0.000191 
  10.53982   0.002301   0.000205 
  10.60030   0.002446   0.000198 
  10.66079   0.002343   0.000211 
  10.72127   0.002352   0.000211 
  10.78175   0.002398   0.000212 
  10.84224   0.002316   0.000222 
  10.90272   0.002141   0.000239 
  10.96320   0.002213   0.000295 
  11.02369   0.002190   0.000335 
  11.08417   0.002043   0.000245 
  11.14465   0.001812   0.000237 
  11.20514   0.001788   0.000482 
  11.26562   0.001774   0.000251 
  11.32611   0.001860   0.000237 
  11.38659   0.002184   0.000242 
  11.44707   0.002048   0.000273 
  11.50756   0.002037   0.000274 
  11.56804   0.001943   0.000272 
  11.62852   0.001634   0.000276 
  11.68901   0.001395   0.000281 
  11.74949   0.001680   0.000277 
  11.80997   0.001960   0.000263 
  11.87046   0.001630   0.000286 
  11.93094   0.001923   0.000268 
  11.99143   0.002045   0.000280 
  12.05191   0.002024   0.000276 
  12.11239   0.001964   0.000302 
  12.17288   0.002171   0.000286 
  12.23336   0.002050   0.000330 
  12.29384   0.001451   0.000334 
  12.35433   0.001672   0.000268 
  12.41481   0.001901   0.000262 
  12.47529   0.001784   0.000261 
  12.53578   0.001375   0.000254 
  12.59626   0.001604   0.000253 
  12.65675   0.001585   0.000245 
  12.71723   0.001594   0.000266 
  12.77771   0.001791   0.000282 
  12.83820   0.001771   0.000275 
  12.89868   0.001402   0.000289 
  12.95916   0.001192   0.000302 
  13.01965   0.001681   0.000294 
  13.08013   0.001880   0.000314 
  13.14061   0.001528   0.000313 
  13.20110   0.001529   0.000324 
  13.26158   0.001323   0.000331 
  13.32206   0.001732   0.000349 
  13.38255   0.001826   0.000378 
  13.44303   0.001213   0.000381 
  13.50352   0.001695   0.000356 
  13.56400   0.001558   0.000389 
  13.62448   0.001538   0.000420 
  13.68497   0.001694   0.000436 
  13.74545   0.001555   0.000408 
  13.80593   0.001594   0.000508 
  13.86642   0.001272   0.000392 
  13.92690   0.001413   0.000411 
  13.98738   0.000909   0.000429 
  14.04787   0.001080   0.000429 
  14.10835   0.001292   0.000573 
  14.16884   0.001427   0.000533 
