#  wl(um)    flux(Jy)  eflux(Jy) 
   5.21725   0.001334   0.000050 
   5.24749   0.001328   0.000055 
   5.27773   0.001369   0.000049 
   5.30797   0.001256   0.000039 
   5.33821   0.001294   0.000041 
   5.36846   0.001155   0.000047 
   5.39870   0.001369   0.000038 
   5.42894   0.001090   0.000037 
   5.45918   0.001080   0.000034 
   5.48942   0.000912   0.000032 
   5.51967   0.000882   0.000044 
   5.54991   0.000685   0.000042 
   5.58015   0.000558   0.000036 
   5.61039   0.000568   0.000037 
   5.64063   0.000472   0.000034 
   5.67088   0.000557   0.000044 
   5.70112   0.000501   0.000041 
   5.73136   0.000418   0.000048 
   5.76160   0.000428   0.000040 
   5.79184   0.000467   0.000042 
   5.82209   0.000555   0.000040 
   5.85233   0.000401   0.000046 
   5.88257   0.000333   0.000035 
   5.91281   0.000331   0.000037 
   5.94305   0.000472   0.000038 
   5.97330   0.000351   0.000040 
   6.00354   0.000490   0.000039 
   6.03378   0.000481   0.000052 
   6.06402   0.000507   0.000053 
   6.09426   0.000598   0.000054 
   6.12451   0.000573   0.000038 
   6.15475   0.000568   0.000036 
   6.18499   0.000564   0.000050 
   6.21523   0.000737   0.000041 
   6.24547   0.001051   0.000037 
   6.27572   0.001082   0.000039 
   6.30596   0.000903   0.000039 
   6.33620   0.000949   0.000042 
   6.36644   0.000886   0.000045 
   6.39668   0.000586   0.000057 
   6.42693   0.000576   0.000044 
   6.45717   0.000710   0.000051 
   6.48741   0.000509   0.000053 
   6.51765   0.000178   0.000052 
   6.54789   0.000241   0.000065 
   6.57814   0.000189   0.000045 
   6.60838   0.000370   0.000047 
   6.63862   0.000318   0.000067 
   6.66886   0.000392   0.000047 
   6.69910   0.000412   0.000044 
   6.72935   0.000517   0.000050 
   6.75959   0.000460   0.000052 
   6.78983   0.000335   0.000060 
   6.82007   0.000642   0.000045 
   6.85031   0.000691   0.000058 
   6.88056   0.000584   0.000050 
   6.91080   0.000867   0.000052 
   6.94104   0.000869   0.000052 
   6.97128   0.000623   0.000055 
   7.00152   0.000815   0.000060 
   7.03177   0.000683   0.000060 
   7.06201   0.000961   0.000056 
   7.09225   0.000870   0.000050 
   7.12249   0.000946   0.000044 
   7.15273   0.000679   0.000042 
   7.18298   0.000664   0.000041 
   7.21322   0.000538   0.000044 
   7.24346   0.000477   0.000049 
   7.27370   0.000541   0.000051 
   7.30394   0.000545   0.000068 
   7.33419   0.000482   0.000064 
   7.36443   0.000653   0.000066 
   7.39467   0.000569   0.000055 
   7.42491   0.000540   0.000058 
   7.45515   0.000445   0.000053 
   7.48540   0.000570   0.000052 
   7.51564   0.000611   0.000050 
   7.57612   0.000743   0.000054 
   7.63660   0.000691   0.000052 
   7.69709   0.000470   0.000046 
   7.75757   0.000501   0.000038 
   7.81805   0.000613   0.000036 
   7.87854   0.000612   0.000031 
   7.93902   0.000708   0.000037 
   7.99951   0.000819   0.000034 
   8.05999   0.000917   0.000028 
   8.12047   0.000918   0.000027 
   8.18096   0.001047   0.000037 
   8.24144   0.001186   0.000031 
   8.30192   0.001182   0.000028 
   8.36241   0.001256   0.000028 
   8.42289   0.001393   0.000025 
   8.48337   0.001815   0.000028 
   8.54386   0.001937   0.000055 
   8.60434   0.002105   0.000035 
   8.66483   0.002085   0.000044 
   8.72531   0.002251   0.000040 
   8.78579   0.002028   0.000036 
   8.84628   0.002313   0.000034 
   8.90676   0.002316   0.000037 
   8.96724   0.002144   0.000040 
   9.02773   0.002167   0.000039 
   9.08821   0.002256   0.000032 
   9.14869   0.002049   0.000031 
   9.20918   0.002147   0.000046 
   9.26966   0.002209   0.000037 
   9.33015   0.002178   0.000044 
   9.39063   0.002447   0.000033 
   9.45111   0.002268   0.000033 
   9.51160   0.002383   0.000036 
   9.57208   0.002525   0.000032 
   9.63256   0.002606   0.000029 
   9.69305   0.002501   0.000032 
   9.75353   0.002764   0.000039 
   9.81401   0.003018   0.000048 
   9.87450   0.002772   0.000040 
   9.93498   0.002866   0.000040 
   9.99547   0.003010   0.000031 
  10.05595   0.002903   0.000029 
  10.11643   0.003018   0.000029 
  10.17692   0.003355   0.000037 
  10.23740   0.003216   0.000036 
  10.29788   0.002380   0.000036 
  10.35837   0.001428   0.000037 
  10.41885   0.001309   0.000038 
  10.47933   0.001423   0.000038 
  10.53982   0.001867   0.000034 
  10.60030   0.002066   0.000030 
  10.66079   0.001627   0.000034 
  10.72127   0.001211   0.000035 
  10.78175   0.001155   0.000034 
  10.84224   0.001620   0.000044 
  10.90272   0.001984   0.000044 
  10.96320   0.002211   0.000049 
  11.02369   0.002230   0.000052 
  11.08417   0.002559   0.000052 
  11.14465   0.002691   0.000054 
  11.20514   0.002615   0.000064 
  11.26562   0.002370   0.000044 
  11.32611   0.002872   0.000047 
  11.38659   0.002954   0.000052 
  11.44707   0.002794   0.000045 
  11.50756   0.002529   0.000062 
  11.56804   0.002608   0.000060 
  11.62852   0.002787   0.000059 
  11.68901   0.002291   0.000048 
  11.74949   0.001936   0.000049 
  11.80997   0.002214   0.000050 
  11.87046   0.002455   0.000055 
  11.93094   0.002633   0.000049 
  11.99143   0.002261   0.000053 
  12.05191   0.002100   0.000056 
  12.11239   0.002236   0.000046 
  12.17288   0.002325   0.000050 
  12.23336   0.002231   0.000052 
  12.29384   0.002101   0.000048 
  12.35433   0.002128   0.000046 
  12.41481   0.002025   0.000050 
  12.47529   0.002164   0.000052 
  12.53578   0.001880   0.000046 
  12.59626   0.001993   0.000049 
  12.65675   0.002035   0.000050 
  12.71723   0.002039   0.000051 
  12.77771   0.001978   0.000052 
  12.83820   0.001910   0.000049 
  12.89868   0.001814   0.000051 
  12.95916   0.001953   0.000059 
  13.01965   0.002058   0.000060 
  13.08013   0.001987   0.000063 
  13.14061   0.002207   0.000054 
  13.20110   0.002279   0.000057 
  13.26158   0.002075   0.000063 
  13.32206   0.001845   0.000060 
  13.38255   0.001763   0.000077 
  13.44303   0.001738   0.000059 
  13.50352   0.001745   0.000067 
  13.56400   0.002112   0.000060 
  13.62448   0.002069   0.000072 
  13.68497   0.002015   0.000081 
  13.74545   0.002014   0.000079 
  13.80593   0.002047   0.000073 
  13.86642   0.002108   0.000059 
  13.92690   0.002251   0.000068 
  13.98738   0.002274   0.000064 
  14.04787   0.002174   0.000080 
  14.10835   0.002060   0.000076 
  14.16884   0.001936   0.000065 
