#  wl(um)    flux(Jy)  eflux(Jy) 
   5.21725   0.001148   0.000052 
   5.24749   0.001248   0.000050 
   5.27773   0.001272   0.000067 
   5.30797   0.001247   0.000046 
   5.33821   0.001279   0.000042 
   5.36846   0.001295   0.000044 
   5.39870   0.001170   0.000044 
   5.42894   0.001090   0.000043 
   5.45918   0.001045   0.000042 
   5.48942   0.001125   0.000040 
   5.51967   0.001129   0.000038 
   5.54991   0.001070   0.000040 
   5.58015   0.001039   0.000045 
   5.61039   0.001060   0.000040 
   5.64063   0.001053   0.000041 
   5.67088   0.000974   0.000040 
   5.70112   0.000846   0.000038 
   5.73136   0.000914   0.000036 
   5.76160   0.000928   0.000036 
   5.79184   0.001018   0.000037 
   5.82209   0.000959   0.000038 
   5.85233   0.000934   0.000038 
   5.88257   0.000924   0.000040 
   5.91281   0.000962   0.000045 
   5.94305   0.000942   0.000041 
   5.97330   0.001040   0.000044 
   6.00354   0.001100   0.000050 
   6.03378   0.001034   0.000046 
   6.06402   0.001000   0.000043 
   6.09426   0.001127   0.000042 
   6.12451   0.001189   0.000049 
   6.15475   0.001075   0.000045 
   6.18499   0.001057   0.000044 
   6.21523   0.001150   0.000045 
   6.24547   0.001218   0.000059 
   6.27572   0.001271   0.000048 
   6.30596   0.001271   0.000046 
   6.33620   0.001125   0.000059 
   6.36644   0.001061   0.000048 
   6.39668   0.000943   0.000050 
   6.42693   0.000852   0.000052 
   6.45717   0.000871   0.000051 
   6.48741   0.000763   0.000050 
   6.51765   0.000710   0.000050 
   6.54789   0.000738   0.000054 
   6.57814   0.000800   0.000058 
   6.60838   0.000752   0.000060 
   6.63862   0.000696   0.000058 
   6.66886   0.000804   0.000056 
   6.69910   0.000834   0.000060 
   6.72935   0.000780   0.000054 
   6.75959   0.000885   0.000058 
   6.78983   0.000734   0.000071 
   6.82007   0.000638   0.000074 
   6.85031   0.000719   0.000065 
   6.88056   0.000805   0.000064 
   6.91080   0.000964   0.000063 
   6.94104   0.000879   0.000077 
   6.97128   0.000836   0.000083 
   7.00152   0.000756   0.000079 
   7.03177   0.000764   0.000073 
   7.06201   0.000731   0.000079 
   7.09225   0.000815   0.000071 
   7.12249   0.000692   0.000074 
   7.15273   0.000730   0.000071 
   7.18298   0.000753   0.000070 
   7.21322   0.000649   0.000073 
   7.24346   0.000634   0.000073 
   7.27370   0.000701   0.000106 
   7.30394   0.000596   0.000081 
   7.33419   0.000666   0.000075 
   7.36443   0.000762   0.000079 
   7.39467   0.000703   0.000083 
   7.42491   0.000701   0.000095 
   7.45515   0.000681   0.000091 
   7.48540   0.000636   0.000095 
   7.51564   0.000608   0.000051 
   7.57612   0.000642   0.000046 
   7.63660   0.000672   0.000047 
   7.69709   0.000642   0.000040 
   7.75757   0.000608   0.000039 
   7.81805   0.000686   0.000037 
   7.87854   0.000753   0.000035 
   7.93902   0.000690   0.000039 
   7.99951   0.000696   0.000034 
   8.05999   0.000693   0.000036 
   8.12047   0.000738   0.000031 
   8.18096   0.000764   0.000030 
   8.24144   0.000781   0.000031 
   8.30192   0.000811   0.000034 
   8.36241   0.000815   0.000033 
   8.42289   0.000841   0.000030 
   8.48337   0.000852   0.000031 
   8.54386   0.000848   0.000036 
   8.60434   0.000868   0.000041 
   8.66483   0.000800   0.000040 
   8.72531   0.000885   0.000040 
   8.78579   0.000906   0.000040 
   8.84628   0.000896   0.000041 
   8.90676   0.000939   0.000041 
   8.96724   0.000941   0.000045 
   9.02773   0.000926   0.000044 
   9.08821   0.000901   0.000045 
   9.14869   0.000933   0.000044 
   9.20918   0.000863   0.000045 
   9.26966   0.000919   0.000046 
   9.33015   0.000915   0.000044 
   9.39063   0.000865   0.000052 
   9.45111   0.000885   0.000050 
   9.51160   0.000969   0.000049 
   9.57208   0.000936   0.000047 
   9.63256   0.000926   0.000051 
   9.69305   0.000945   0.000053 
   9.75353   0.000930   0.000056 
   9.81401   0.001026   0.000052 
   9.87450   0.000923   0.000047 
   9.93498   0.000932   0.000047 
   9.99547   0.000997   0.000045 
  10.05595   0.000955   0.000047 
  10.11643   0.000941   0.000045 
  10.17692   0.000990   0.000042 
  10.23740   0.000851   0.000043 
  10.29788   0.000836   0.000044 
  10.35837   0.000839   0.000044 
  10.41885   0.000772   0.000046 
  10.47933   0.000746   0.000046 
  10.53982   0.000754   0.000048 
  10.60030   0.000729   0.000048 
  10.66079   0.000781   0.000051 
  10.72127   0.000783   0.000054 
  10.78175   0.000807   0.000051 
  10.84224   0.000719   0.000057 
  10.90272   0.000809   0.000058 
  10.96320   0.000731   0.000060 
  11.02369   0.000731   0.000060 
  11.08417   0.000787   0.000060 
  11.14465   0.000763   0.000060 
  11.20514   0.000856   0.000060 
  11.26562   0.000747   0.000062 
  11.32611   0.000713   0.000066 
  11.38659   0.000859   0.000065 
  11.44707   0.000811   0.000066 
  11.50756   0.000795   0.000069 
  11.56804   0.000774   0.000071 
  11.62852   0.000754   0.000068 
  11.68901   0.000704   0.000071 
  11.74949   0.000669   0.000067 
  11.80997   0.000736   0.000070 
  11.87046   0.000746   0.000070 
  11.93094   0.000730   0.000068 
  11.99143   0.000723   0.000071 
  12.05191   0.000729   0.000068 
  12.11239   0.000727   0.000068 
  12.17288   0.000687   0.000069 
  12.23336   0.000669   0.000068 
  12.29384   0.000630   0.000067 
  12.35433   0.000616   0.000065 
  12.41481   0.000645   0.000066 
  12.47529   0.000677   0.000063 
  12.53578   0.000663   0.000064 
  12.59626   0.000659   0.000068 
  12.65675   0.000610   0.000065 
  12.71723   0.000624   0.000068 
  12.77771   0.000553   0.000067 
  12.83820   0.000678   0.000071 
  12.89868   0.000592   0.000075 
  12.95916   0.000595   0.000075 
  13.01965   0.000524   0.000078 
  13.08013   0.000524   0.000077 
  13.14061   0.000643   0.000082 
  13.20110   0.000556   0.000083 
  13.26158   0.000577   0.000081 
  13.32206   0.000550   0.000083 
  13.38255   0.000652   0.000089 
  13.44303   0.000471   0.000089 
  13.50352   0.000505   0.000090 
  13.56400   0.000711   0.000089 
  13.62448   0.000611   0.000093 
  13.68497   0.000579   0.000093 
  13.74545   0.000523   0.000095 
  13.80593   0.000517   0.000097 
  13.86642   0.000579   0.000096 
  13.92690   0.000647   0.000100 
  13.98738   0.000531   0.000102 
  14.04787   0.000500   0.000102 
  14.10835   0.000642   0.000110 
  14.16884   0.000554   0.000112 
