#  wl(um)    flux(Jy)  eflux(Jy) 
   5.21725   0.000579   0.000055 
   5.24749   0.000720   0.000050 
   5.27773   0.000701   0.000054 
   5.30797   0.000624   0.000045 
   5.33821   0.000589   0.000063 
   5.36846   0.000553   0.000045 
   5.39870   0.000648   0.000044 
   5.42894   0.000535   0.000041 
   5.45918   0.000554   0.000041 
   5.48942   0.000437   0.000047 
   5.51967   0.000446   0.000048 
   5.54991   0.000417   0.000046 
   5.58015   0.000420   0.000049 
   5.61039   0.000412   0.000050 
   5.64063   0.000370   0.000054 
   5.67088   0.000380   0.000051 
   5.70112   0.000343   0.000037 
   5.73136   0.000350   0.000035 
   5.76160   0.000384   0.000035 
   5.79184   0.000368   0.000051 
   5.82209   0.000396   0.000047 
   5.85233   0.000329   0.000038 
   5.88257   0.000312   0.000041 
   5.91281   0.000376   0.000046 
   5.94305   0.000349   0.000047 
   5.97330   0.000336   0.000040 
   6.00354   0.000363   0.000036 
   6.03378   0.000350   0.000044 
   6.06402   0.000305   0.000038 
   6.09426   0.000383   0.000040 
   6.12451   0.000485   0.000041 
   6.15475   0.000392   0.000038 
   6.18499   0.000408   0.000047 
   6.21523   0.000436   0.000037 
   6.24547   0.000495   0.000046 
   6.27572   0.000442   0.000052 
   6.30596   0.000543   0.000049 
   6.33620   0.000413   0.000046 
   6.36644   0.000446   0.000054 
   6.39668   0.000382   0.000050 
   6.42693   0.000271   0.000046 
   6.45717   0.000366   0.000048 
   6.48741   0.000345   0.000042 
   6.51765   0.000255   0.000054 
   6.54789   0.000434   0.000054 
   6.57814   0.000280   0.000059 
   6.60838   0.000297   0.000066 
   6.63862   0.000313   0.000060 
   6.66886   0.000485   0.000056 
   6.69910   0.000349   0.000051 
   6.72935   0.000285   0.000054 
   6.75959   0.000388   0.000054 
   6.78983   0.000385   0.000058 
   6.82007   0.000350   0.000059 
   6.85031   0.000325   0.000062 
   6.88056   0.000453   0.000063 
   6.91080   0.000500   0.000066 
   6.94104   0.000354   0.000070 
   6.97128   0.000349   0.000086 
   7.00152   0.000275   0.000082 
   7.03177   0.000335   0.000076 
   7.06201   0.000301   0.000083 
   7.09225   0.000415   0.000068 
   7.12249   0.000383   0.000073 
   7.15273   0.000261   0.000068 
   7.18298   0.000355   0.000066 
   7.21322   0.000359   0.000070 
   7.24346   0.000297   0.000090 
   7.27370   0.000408   0.000076 
   7.30394   0.000381   0.000077 
   7.33419   0.000307   0.000082 
   7.36443   0.000314   0.000076 
   7.39467   0.000363   0.000082 
   7.42491   0.000205   0.000080 
   7.45515   0.000229   0.000070 
   7.48540   0.000201   0.000074 
   7.51564   0.000231   0.000040 
   7.57612   0.000264   0.000038 
   7.63660   0.000191   0.000036 
   7.69709   0.000255   0.000032 
   7.75757   0.000232   0.000029 
   7.81805   0.000293   0.000027 
   7.87854   0.000332   0.000027 
   7.93902   0.000313   0.000031 
   7.99951   0.000255   0.000025 
   8.05999   0.000360   0.000023 
   8.12047   0.000350   0.000023 
   8.18096   0.000335   0.000023 
   8.24144   0.000407   0.000023 
   8.30192   0.000428   0.000023 
   8.36241   0.000394   0.000022 
   8.42289   0.000379   0.000020 
   8.48337   0.000441   0.000020 
   8.54386   0.000474   0.000020 
   8.60434   0.000460   0.000021 
   8.66483   0.000431   0.000018 
   8.72531   0.000531   0.000017 
   8.78579   0.000476   0.000017 
   8.84628   0.000494   0.000019 
   8.90676   0.000490   0.000019 
   8.96724   0.000541   0.000019 
   9.02773   0.000571   0.000018 
   9.08821   0.000582   0.000017 
   9.14869   0.000643   0.000017 
   9.20918   0.000633   0.000017 
   9.26966   0.000563   0.000019 
   9.33015   0.000535   0.000018 
   9.39063   0.000663   0.000018 
   9.45111   0.000633   0.000019 
   9.51160   0.000611   0.000019 
   9.57208   0.000654   0.000020 
   9.63256   0.000623   0.000020 
   9.69305   0.000715   0.000022 
   9.75353   0.000659   0.000025 
   9.81401   0.000706   0.000027 
   9.87450   0.000674   0.000020 
   9.93498   0.000636   0.000023 
   9.99547   0.000678   0.000022 
  10.05595   0.000618   0.000022 
  10.11643   0.000683   0.000022 
  10.17692   0.000561   0.000021 
  10.23740   0.000547   0.000021 
  10.29788   0.000455   0.000021 
  10.35837   0.000427   0.000022 
  10.41885   0.000415   0.000023 
  10.47933   0.000522   0.000024 
  10.53982   0.000555   0.000024 
  10.60030   0.000540   0.000024 
  10.66079   0.000522   0.000027 
  10.72127   0.000451   0.000029 
  10.78175   0.000474   0.000031 
  10.84224   0.000508   0.000031 
  10.90272   0.000545   0.000029 
  10.96320   0.000606   0.000033 
  11.02369   0.000607   0.000031 
  11.08417   0.000644   0.000032 
  11.14465   0.000510   0.000035 
  11.20514   0.000482   0.000034 
  11.26562   0.000469   0.000034 
  11.32611   0.000569   0.000037 
  11.38659   0.000475   0.000035 
  11.44707   0.000524   0.000035 
  11.50756   0.000507   0.000037 
  11.56804   0.000479   0.000038 
  11.62852   0.000488   0.000036 
  11.68901   0.000455   0.000037 
  11.74949   0.000411   0.000037 
  11.80997   0.000453   0.000038 
  11.87046   0.000381   0.000037 
  11.93094   0.000380   0.000035 
  11.99143   0.000372   0.000034 
  12.05191   0.000403   0.000037 
  12.11239   0.000344   0.000036 
  12.17288   0.000422   0.000034 
  12.23336   0.000368   0.000035 
  12.29384   0.000411   0.000036 
  12.35433   0.000373   0.000035 
  12.41481   0.000420   0.000033 
  12.47529   0.000439   0.000034 
  12.53578   0.000396   0.000034 
  12.59626   0.000350   0.000035 
  12.65675   0.000354   0.000035 
  12.71723   0.000480   0.000035 
  12.77771   0.000462   0.000035 
  12.83820   0.000358   0.000035 
  12.89868   0.000397   0.000036 
  12.95916   0.000392   0.000036 
  13.01965   0.000335   0.000038 
  13.08013   0.000354   0.000039 
  13.14061   0.000384   0.000039 
  13.20110   0.000392   0.000041 
  13.26158   0.000415   0.000042 
  13.32206   0.000311   0.000044 
  13.38255   0.000279   0.000045 
  13.44303   0.000264   0.000047 
  13.50352   0.000398   0.000048 
  13.56400   0.000313   0.000049 
  13.62448   0.000316   0.000053 
  13.68497   0.000231   0.000051 
  13.74545   0.000340   0.000051 
  13.80593   0.000299   0.000051 
  13.86642   0.000406   0.000051 
  13.92690   0.000407   0.000052 
  13.98738   0.000363   0.000054 
  14.04787   0.000389   0.000053 
  14.10835   0.000348   0.000054 
  14.16884   0.000363   0.000054 
