#  wl(um)    flux(Jy)  eflux(Jy) 
   5.21725   0.004118   0.000226 
   5.24749   0.003720   0.000178 
   5.27773   0.003771   0.000190 
   5.30797   0.003437   0.000171 
   5.33821   0.003632   0.000156 
   5.36846   0.003225   0.000187 
   5.39870   0.003289   0.000229 
   5.42894   0.003354   0.000167 
   5.45918   0.003343   0.000164 
   5.48942   0.003242   0.000274 
   5.51967   0.003221   0.000236 
   5.54991   0.003173   0.000162 
   5.58015   0.002901   0.000141 
   5.61039   0.002908   0.000152 
   5.64063   0.002941   0.000191 
   5.67088   0.002991   0.000133 
   5.70112   0.002992   0.000145 
   5.73136   0.002958   0.000132 
   5.76160   0.003115   0.000149 
   5.79184   0.003001   0.000146 
   5.82209   0.002640   0.000324 
   5.85233   0.002882   0.000147 
   5.88257   0.002822   0.000156 
   5.91281   0.002980   0.000145 
   5.94305   0.003022   0.000163 
   5.97330   0.002895   0.000171 
   6.00354   0.003078   0.000203 
   6.03378   0.002696   0.000266 
   6.06402   0.002594   0.000156 
   6.09426   0.003203   0.000138 
   6.12451   0.003367   0.000153 
   6.15475   0.003392   0.000159 
   6.18499   0.003006   0.000164 
   6.21523   0.003219   0.000170 
   6.24547   0.003093   0.000259 
   6.27572   0.003144   0.000240 
   6.30596   0.003309   0.000221 
   6.33620   0.003189   0.000188 
   6.36644   0.003287   0.000186 
   6.39668   0.002953   0.000196 
   6.42693   0.002699   0.000193 
   6.45717   0.002868   0.000190 
   6.48741   0.002568   0.000198 
   6.51765   0.002649   0.000203 
   6.54789   0.002848   0.000228 
   6.57814   0.002582   0.000234 
   6.60838   0.002370   0.000220 
   6.63862   0.002206   0.000223 
   6.66886   0.002225   0.000241 
   6.69910   0.002053   0.000206 
   6.72935   0.002323   0.000199 
   6.75959   0.002352   0.000211 
   6.78983   0.002540   0.000220 
   6.82007   0.002463   0.000248 
   6.85031   0.002681   0.000248 
   6.88056   0.002311   0.000234 
   6.91080   0.002202   0.000262 
   6.94104   0.002008   0.000678 
   6.97128   0.002119   0.000459 
   7.00152   0.002780   0.000362 
   7.03177   0.002623   0.000385 
   7.06201   0.002613   0.000378 
   7.09225   0.002196   0.000313 
   7.12249   0.002081   0.000337 
   7.15273   0.002498   0.000306 
   7.18298   0.002556   0.000315 
   7.21322   0.002386   0.000330 
   7.24346   0.002184   0.000386 
   7.27370   0.002253   0.000404 
   7.30394   0.002022   0.000411 
   7.33419   0.002095   0.000353 
   7.36443   0.001814   0.000354 
   7.39467   0.001859   0.000365 
   7.42491   0.002062   0.000378 
   7.45515   0.002031   0.000451 
   7.48540   0.002225   0.000466 
   7.51564   0.001888   0.000157 
   7.57612   0.001935   0.000157 
   7.63660   0.002105   0.000155 
   7.69709   0.002030   0.000156 
   7.75757   0.002192   0.000138 
   7.81805   0.002160   0.000121 
   7.87854   0.002079   0.000124 
   7.93902   0.002152   0.000125 
   7.99951   0.002181   0.000117 
   8.05999   0.001899   0.000110 
   8.12047   0.001742   0.000118 
   8.18096   0.001832   0.000110 
   8.24144   0.001842   0.000108 
   8.30192   0.001935   0.000134 
   8.36241   0.001718   0.000194 
   8.42289   0.001662   0.000126 
   8.48337   0.001906   0.000141 
   8.54386   0.001832   0.000169 
   8.60434   0.001610   0.000164 
   8.66483   0.001450   0.000135 
   8.72531   0.001430   0.000152 
   8.78579   0.001468   0.000127 
   8.84628   0.001462   0.000126 
   8.90676   0.001364   0.000137 
   8.96724   0.001208   0.000134 
   9.02773   0.001351   0.000161 
   9.08821   0.001238   0.000211 
   9.14869   0.001175   0.000177 
   9.20918   0.001227   0.000141 
   9.26966   0.001308   0.000142 
   9.33015   0.001220   0.000164 
   9.39063   0.001610   0.000156 
   9.45111   0.001473   0.000187 
   9.51160   0.001214   0.000145 
   9.57208   0.001339   0.000227 
   9.63256   0.001207   0.000199 
   9.69305   0.001633   0.000169 
   9.75353   0.001350   0.000158 
   9.81401   0.001128   0.000145 
   9.87450   0.001405   0.000205 
   9.93498   0.001496   0.000154 
   9.99547   0.001429   0.000139 
  10.05595   0.001311   0.000139 
  10.11643   0.001502   0.000157 
  10.17692   0.001646   0.000133 
  10.23740   0.001407   0.000129 
  10.29788   0.001287   0.000132 
  10.35837   0.001282   0.000137 
  10.41885   0.001580   0.000144 
  10.47933   0.001311   0.000147 
  10.53982   0.001288   0.000151 
  10.60030   0.001206   0.000150 
  10.66079   0.001196   0.000153 
  10.72127   0.001382   0.000156 
  10.78175   0.001427   0.000166 
  10.84224   0.001733   0.000180 
  10.90272   0.001554   0.000178 
  10.96320   0.001488   0.000180 
  11.02369   0.001366   0.000241 
  11.08417   0.001659   0.000187 
  11.14465   0.001230   0.000195 
  11.20514   0.001377   0.000223 
  11.26562   0.001499   0.000228 
  11.32611   0.001525   0.000195 
  11.38659   0.001590   0.000196 
  11.44707   0.001279   0.000206 
  11.50756   0.001151   0.000203 
  11.56804   0.001259   0.000208 
  11.62852   0.001466   0.000279 
  11.68901   0.001277   0.000223 
  11.74949   0.001464   0.000264 
  11.80997   0.001475   0.000228 
  11.87046   0.001461   0.000219 
  11.93094   0.001338   0.000216 
  11.99143   0.001043   0.000220 
  12.05191   0.001063   0.000248 
  12.11239   0.001060   0.000260 
  12.17288   0.001009   0.000241 
  12.23336   0.001086   0.000223 
  12.29384   0.001260   0.000220 
  12.35433   0.001090   0.000232 
  12.41481   0.000921   0.000242 
  12.47529   0.001169   0.000216 
  12.53578   0.001315   0.000218 
  12.59626   0.001208   0.000207 
  12.65675   0.001014   0.000205 
  12.71723   0.001038   0.000220 
  12.77771   0.001145   0.000221 
  12.83820   0.001253   0.000226 
  12.89868   0.001093   0.000213 
  12.95916   0.001154   0.000256 
  13.01965   0.001078   0.000263 
  13.08013   0.001165   0.000253 
  13.14061   0.000941   0.000240 
  13.20110   0.000865   0.000257 
  13.26158   0.000830   0.000284 
  13.32206   0.000855   0.000286 
  13.38255   0.001101   0.000283 
  13.44303   0.001075   0.000284 
  13.50352   0.000997   0.000298 
  13.56400   0.000792   0.000295 
  13.62448   0.000767   0.000377 
  13.68497   0.000970   0.000298 
  13.74545   0.000889   0.000319 
  13.80593   0.000581   0.000390 
  13.86642   0.000841   0.000315 
  13.92690   0.000742   0.000334 
  13.98738   0.000812   0.000327 
  14.04787   0.000616   0.000424 
  14.10835   0.000562   0.000371 
  14.16884   0.000792   0.000388 
