#  wl(um)    flux(Jy)  eflux(Jy) 
   5.21725   0.003761   0.000266 
   5.24749   0.003730   0.000268 
   5.27773   0.003536   0.000284 
   5.30797   0.003798   0.000290 
   5.33821   0.003928   0.000215 
   5.36846   0.003938   0.000217 
   5.39870   0.003767   0.000239 
   5.42894   0.003272   0.000230 
   5.45918   0.003294   0.000201 
   5.48942   0.003275   0.000278 
   5.51967   0.002926   0.000203 
   5.54991   0.002971   0.000196 
   5.58015   0.003045   0.000199 
   5.61039   0.003366   0.000433 
   5.64063   0.003603   0.000210 
   5.67088   0.003366   0.000211 
   5.70112   0.003248   0.000203 
   5.73136   0.003267   0.000206 
   5.76160   0.002997   0.000204 
   5.79184   0.003229   0.000198 
   5.82209   0.003366   0.000229 
   5.85233   0.003177   0.000198 
   5.88257   0.003031   0.000199 
   5.91281   0.003242   0.000199 
   5.94305   0.003517   0.000211 
   5.97330   0.003705   0.000220 
   6.00354   0.003435   0.000254 
   6.03378   0.003320   0.000256 
   6.06402   0.003669   0.000225 
   6.09426   0.003442   0.000237 
   6.12451   0.003792   0.000213 
   6.15475   0.003682   0.000223 
   6.18499   0.003299   0.000244 
   6.21523   0.003717   0.000268 
   6.24547   0.003490   0.000254 
   6.27572   0.003356   0.000242 
   6.30596   0.003256   0.000247 
   6.33620   0.003607   0.000256 
   6.36644   0.003378   0.000259 
   6.39668   0.003337   0.000271 
   6.42693   0.002648   0.000253 
   6.45717   0.002437   0.000302 
   6.48741   0.002328   0.000330 
   6.51765   0.002608   0.000258 
   6.54789   0.002232   0.000282 
   6.57814   0.002275   0.000352 
   6.60838   0.002760   0.000576 
   6.63862   0.002504   0.000289 
   6.66886   0.002619   0.000273 
   6.69910   0.002748   0.000459 
   6.72935   0.002655   0.000296 
   6.75959   0.002258   0.000299 
   6.78983   0.002004   0.000368 
   6.82007   0.001890   0.000332 
   6.85031   0.002208   0.000344 
   6.88056   0.002270   0.000326 
   6.91080   0.002163   0.000351 
   6.94104   0.002265   0.000428 
   6.97128   0.002595   0.000381 
   7.00152   0.002129   0.000387 
   7.03177   0.002536   0.000364 
   7.06201   0.002409   0.000375 
   7.09225   0.002626   0.000411 
   7.12249   0.002660   0.000454 
   7.15273   0.002626   0.000349 
   7.18298   0.002349   0.000357 
   7.21322   0.002260   0.000344 
   7.24346   0.002332   0.000383 
   7.27370   0.002450   0.000402 
   7.30394   0.002227   0.000414 
   7.33419   0.002385   0.000412 
   7.36443   0.002464   0.000431 
   7.39467   0.002605   0.000433 
   7.42491   0.002526   0.000421 
   7.45515   0.002323   0.000479 
   7.48540   0.002502   0.000469 
   7.51564   0.002031   0.000339 
   7.57612   0.001837   0.000311 
   7.63660   0.001983   0.000244 
   7.69709   0.001888   0.000227 
   7.75757   0.001873   0.000199 
   7.81805   0.002254   0.000186 
   7.87854   0.002120   0.000182 
   7.93902   0.002036   0.000186 
   7.99951   0.001983   0.000172 
   8.05999   0.002172   0.000163 
   8.12047   0.002022   0.000158 
   8.18096   0.001734   0.000167 
   8.24144   0.001818   0.000168 
   8.30192   0.001677   0.000162 
   8.36241   0.001521   0.000162 
   8.42289   0.001918   0.000153 
   8.48337   0.001703   0.000149 
   8.54386   0.001428   0.000149 
   8.60434   0.001607   0.000189 
   8.66483   0.001773   0.000208 
   8.72531   0.001660   0.000175 
   8.78579   0.001715   0.000180 
   8.84628   0.001512   0.000175 
   8.90676   0.001407   0.000179 
   8.96724   0.001251   0.000189 
   9.02773   0.001689   0.000198 
   9.08821   0.001560   0.000201 
   9.14869   0.001311   0.000223 
   9.20918   0.001282   0.000210 
   9.26966   0.001229   0.000222 
   9.33015   0.001370   0.000218 
   9.39063   0.001029   0.000223 
   9.45111   0.001177   0.000229 
   9.51160   0.001388   0.000235 
   9.57208   0.001644   0.000230 
   9.63256   0.001856   0.000225 
   9.69305   0.001541   0.000222 
   9.75353   0.001208   0.000259 
   9.81401   0.001110   0.000237 
   9.87450   0.001363   0.000256 
   9.93498   0.001351   0.000218 
   9.99547   0.001442   0.000215 
  10.05595   0.001643   0.000215 
  10.11643   0.001672   0.000208 
  10.17692   0.001753   0.000215 
  10.23740   0.001273   0.000213 
  10.29788   0.001442   0.000215 
  10.35837   0.001036   0.000227 
  10.41885   0.000804   0.000235 
  10.47933   0.000892   0.000278 
  10.53982   0.000907   0.000235 
  10.60030   0.001486   0.000268 
  10.66079   0.001816   0.000246 
  10.72127   0.001540   0.000265 
  10.78175   0.001261   0.000278 
  10.84224   0.001213   0.000268 
  10.90272   0.001550   0.000282 
  10.96320   0.001225   0.000278 
  11.02369   0.001562   0.000294 
  11.08417   0.001737   0.000302 
  11.14465   0.001225   0.000301 
  11.20514   0.001083   0.000302 
  11.26562   0.001134   0.000378 
  11.32611   0.000723   0.000309 
  11.38659   0.000698   0.000356 
  11.44707   0.000679   0.000314 
  11.50756   0.001150   0.000320 
  11.56804   0.001306   0.000330 
  11.62852   0.000904   0.000333 
  11.68901   0.001254   0.000333 
  11.74949   0.001139   0.000344 
  11.80997   0.000758   0.000345 
  11.87046   0.000818   0.000347 
  11.93094   0.001235   0.000345 
  11.99143   0.001416   0.000337 
  12.05191   0.001119   0.000356 
  12.11239   0.000936   0.000357 
  12.17288   0.000775   0.000381 
  12.23336   0.000607   0.000357 
  12.29384   0.000720   0.000351 
  12.35433   0.001040   0.000359 
  12.41481   0.000892   0.000337 
  12.47529   0.000919   0.000349 
  12.53578   0.000675   0.000344 
  12.59626   0.001005   0.000344 
  12.65675   0.000895   0.000342 
  12.71723   0.001141   0.000357 
  12.77771   0.000933   0.000352 
  12.83820   0.000613   0.000349 
  12.89868   0.000534   0.000363 
  12.95916   0.000995   0.000368 
  13.01965   0.000650   0.000380 
  13.08013   0.000462   0.000402 
  13.14061   0.000907   0.000412 
  13.20110   0.000938   0.000438 
  13.26158   0.000722   0.000442 
  13.32206   0.000696   0.000443 
  13.38255   0.000906   0.000452 
  13.44303   0.000875   0.000481 
  13.50352   0.001129   0.000466 
  13.56400   0.000737   0.000528 
  13.62448   0.000677   0.000474 
  13.68497   0.000454   0.000486 
  13.74545   0.000512   0.000495 
  13.80593   0.000811   0.000514 
  13.86642   0.000754   0.000577 
  13.92690   0.001021   0.000536 
  13.98738   0.000782   0.000550 
  14.04787   0.000612   0.000553 
  14.10835   0.000447   0.000581 
  14.16884   0.001034   0.000600 
