#  wl(um)    flux(Jy)  eflux(Jy) 
   5.21725   0.006679   0.000164 
   5.24749   0.006692   0.000164 
   5.27773   0.006580   0.000169 
   5.30797   0.006285   0.000160 
   5.33821   0.006419   0.000142 
   5.36846   0.006412   0.000160 
   5.39870   0.006182   0.000149 
   5.42894   0.006111   0.000146 
   5.45918   0.006041   0.000141 
   5.48942   0.006104   0.000186 
   5.51967   0.006080   0.000137 
   5.54991   0.006180   0.000163 
   5.58015   0.005928   0.000139 
   5.61039   0.006153   0.000133 
   5.64063   0.006059   0.000128 
   5.67088   0.005929   0.000128 
   5.70112   0.005850   0.000123 
   5.73136   0.005751   0.000131 
   5.76160   0.005709   0.000125 
   5.79184   0.005928   0.000128 
   5.82209   0.005847   0.000129 
   5.85233   0.005643   0.000132 
   5.88257   0.005636   0.000123 
   5.91281   0.005801   0.000126 
   5.94305   0.005875   0.000128 
   5.97330   0.005776   0.000134 
   6.00354   0.005655   0.000135 
   6.03378   0.005602   0.000129 
   6.06402   0.005867   0.000143 
   6.09426   0.005790   0.000164 
   6.12451   0.005899   0.000142 
   6.15475   0.005773   0.000137 
   6.18499   0.006072   0.000138 
   6.21523   0.006132   0.000146 
   6.24547   0.005913   0.000154 
   6.27572   0.006177   0.000144 
   6.30596   0.006198   0.000152 
   6.33620   0.005847   0.000157 
   6.36644   0.005703   0.000156 
   6.39668   0.005415   0.000156 
   6.42693   0.005305   0.000158 
   6.45717   0.005153   0.000152 
   6.48741   0.004887   0.000153 
   6.51765   0.004829   0.000163 
   6.54789   0.005108   0.000169 
   6.57814   0.005012   0.000260 
   6.60838   0.004758   0.000224 
   6.63862   0.004615   0.000174 
   6.66886   0.004550   0.000171 
   6.69910   0.004712   0.000167 
   6.72935   0.004689   0.000164 
   6.75959   0.004812   0.000177 
   6.78983   0.004823   0.000204 
   6.82007   0.004646   0.000188 
   6.85031   0.004508   0.000212 
   6.88056   0.004729   0.000202 
   6.91080   0.005054   0.000203 
   6.94104   0.004695   0.000212 
   6.97128   0.004400   0.000226 
   7.00152   0.004562   0.000227 
   7.03177   0.004386   0.000242 
   7.06201   0.004824   0.000229 
   7.09225   0.005018   0.000250 
   7.12249   0.004438   0.000242 
   7.15273   0.004221   0.000237 
   7.18298   0.004093   0.000226 
   7.21322   0.004023   0.000221 
   7.24346   0.004079   0.000233 
   7.27370   0.004452   0.000247 
   7.30394   0.004384   0.000246 
   7.33419   0.004348   0.000256 
   7.36443   0.004271   0.000260 
   7.39467   0.004497   0.000253 
   7.42491   0.004475   0.000274 
   7.45515   0.004299   0.000272 
   7.48540   0.004398   0.000313 
   7.51564   0.004186   0.000170 
   7.57612   0.004186   0.000157 
   7.63660   0.004211   0.000152 
   7.69709   0.004168   0.000139 
   7.75757   0.004092   0.000125 
   7.81805   0.004099   0.000117 
   7.87854   0.004079   0.000110 
   7.93902   0.003961   0.000111 
   7.99951   0.004036   0.000103 
   8.05999   0.004012   0.000106 
   8.12047   0.003889   0.000099 
   8.18096   0.003698   0.000100 
   8.24144   0.003563   0.000094 
   8.30192   0.003530   0.000098 
   8.36241   0.003514   0.000098 
   8.42289   0.003445   0.000090 
   8.48337   0.003294   0.000095 
   8.54386   0.003182   0.000103 
   8.60434   0.003309   0.000121 
   8.66483   0.003083   0.000115 
   8.72531   0.003221   0.000115 
   8.78579   0.003254   0.000101 
   8.84628   0.003065   0.000104 
   8.90676   0.003021   0.000109 
   8.96724   0.002981   0.000109 
   9.02773   0.002893   0.000115 
   9.08821   0.002959   0.000116 
   9.14869   0.002818   0.000112 
   9.20918   0.002888   0.000115 
   9.26966   0.002884   0.000116 
   9.33015   0.002849   0.000116 
   9.39063   0.002693   0.000126 
   9.45111   0.002682   0.000125 
   9.51160   0.002690   0.000128 
   9.57208   0.002725   0.000126 
   9.63256   0.002561   0.000141 
   9.69305   0.002534   0.000137 
   9.75353   0.002678   0.000156 
   9.81401   0.002680   0.000149 
   9.87450   0.002813   0.000129 
   9.93498   0.002586   0.000115 
   9.99547   0.002371   0.000115 
  10.05595   0.002429   0.000116 
  10.11643   0.002626   0.000111 
  10.17692   0.002616   0.000110 
  10.23740   0.002385   0.000120 
  10.29788   0.002386   0.000122 
  10.35837   0.002611   0.000119 
  10.41885   0.002598   0.000128 
  10.47933   0.002502   0.000129 
  10.53982   0.002442   0.000127 
  10.60030   0.002210   0.000134 
  10.66079   0.002485   0.000144 
  10.72127   0.002517   0.000137 
  10.78175   0.002277   0.000150 
  10.84224   0.002305   0.000150 
  10.90272   0.002406   0.000149 
  10.96320   0.002192   0.000154 
  11.02369   0.002193   0.000159 
  11.08417   0.002380   0.000163 
  11.14465   0.002241   0.000176 
  11.20514   0.002159   0.000162 
  11.26562   0.002258   0.000166 
  11.32611   0.002259   0.000190 
  11.38659   0.002114   0.000176 
  11.44707   0.002127   0.000176 
  11.50756   0.002041   0.000174 
  11.56804   0.002418   0.000180 
  11.62852   0.002345   0.000188 
  11.68901   0.002134   0.000175 
  11.74949   0.002070   0.000181 
  11.80997   0.001883   0.000185 
  11.87046   0.001912   0.000186 
  11.93094   0.002261   0.000180 
  11.99143   0.002225   0.000186 
  12.05191   0.001987   0.000221 
  12.11239   0.002171   0.000207 
  12.17288   0.002041   0.000232 
  12.23336   0.002147   0.000214 
  12.29384   0.002066   0.000192 
  12.35433   0.002143   0.000181 
  12.41481   0.001875   0.000175 
  12.47529   0.001797   0.000210 
  12.53578   0.001894   0.000176 
  12.59626   0.001823   0.000173 
  12.65675   0.002062   0.000176 
  12.71723   0.002209   0.000178 
  12.77771   0.002244   0.000179 
  12.83820   0.001760   0.000178 
  12.89868   0.001603   0.000185 
  12.95916   0.001741   0.000187 
  13.01965   0.001724   0.000191 
  13.08013   0.001785   0.000203 
  13.14061   0.001913   0.000206 
  13.20110   0.002163   0.000216 
  13.26158   0.001985   0.000225 
  13.32206   0.002069   0.000228 
  13.38255   0.001736   0.000239 
  13.44303   0.001792   0.000254 
  13.50352   0.001679   0.000259 
  13.56400   0.001819   0.000253 
  13.62448   0.001889   0.000265 
  13.68497   0.002005   0.000282 
  13.74545   0.001726   0.000286 
  13.80593   0.001822   0.000314 
  13.86642   0.001602   0.000274 
  13.92690   0.001880   0.000285 
  13.98738   0.001984   0.000294 
  14.04787   0.001811   0.000296 
  14.10835   0.001802   0.000291 
  14.16884   0.001466   0.000296 
