#  wl(um)    flux(Jy)  eflux(Jy) 
   5.21725   0.002227   0.000155 
   5.24749   0.002369   0.000157 
   5.27773   0.002245   0.000160 
   5.30797   0.002075   0.000164 
   5.33821   0.002230   0.000135 
   5.36846   0.002349   0.000143 
   5.39870   0.002319   0.000138 
   5.42894   0.002321   0.000150 
   5.45918   0.002315   0.000135 
   5.48942   0.002317   0.000146 
   5.51967   0.002206   0.000122 
   5.54991   0.002239   0.000122 
   5.58015   0.002199   0.000131 
   5.61039   0.002215   0.000136 
   5.64063   0.002231   0.000124 
   5.67088   0.002169   0.000127 
   5.70112   0.002134   0.000120 
   5.73136   0.002006   0.000115 
   5.76160   0.001984   0.000125 
   5.79184   0.002100   0.000128 
   5.82209   0.002024   0.000147 
   5.85233   0.002191   0.000150 
   5.88257   0.001988   0.000137 
   5.91281   0.002194   0.000122 
   5.94305   0.002108   0.000120 
   5.97330   0.002216   0.000124 
   6.00354   0.002105   0.000135 
   6.03378   0.002060   0.000128 
   6.06402   0.002100   0.000136 
   6.09426   0.002024   0.000180 
   6.12451   0.002265   0.000189 
   6.15475   0.002207   0.000142 
   6.18499   0.002123   0.000137 
   6.21523   0.002064   0.000124 
   6.24547   0.002041   0.000122 
   6.27572   0.002129   0.000185 
   6.30596   0.002314   0.000171 
   6.33620   0.002120   0.000143 
   6.36644   0.002045   0.000151 
   6.39668   0.002171   0.000151 
   6.42693   0.002057   0.000143 
   6.45717   0.001814   0.000141 
   6.48741   0.001873   0.000143 
   6.51765   0.001785   0.000153 
   6.54789   0.001914   0.000188 
   6.57814   0.001640   0.000178 
   6.60838   0.001669   0.000187 
   6.63862   0.001559   0.000185 
   6.66886   0.001525   0.000169 
   6.69910   0.001476   0.000158 
   6.72935   0.001753   0.000166 
   6.75959   0.001681   0.000187 
   6.78983   0.001641   0.000171 
   6.82007   0.001613   0.000182 
   6.85031   0.001912   0.000197 
   6.88056   0.001855   0.000218 
   6.91080   0.001636   0.000244 
   6.94104   0.001708   0.000219 
   6.97128   0.001947   0.000210 
   7.00152   0.001736   0.000223 
   7.03177   0.001393   0.000229 
   7.06201   0.001656   0.000225 
   7.09225   0.001682   0.000238 
   7.12249   0.001437   0.000225 
   7.15273   0.001602   0.000397 
   7.18298   0.001979   0.000216 
   7.21322   0.001811   0.000244 
   7.24346   0.001902   0.000234 
   7.27370   0.001593   0.000238 
   7.30394   0.001762   0.000245 
   7.33419   0.001582   0.000251 
   7.36443   0.001597   0.000257 
   7.39467   0.001714   0.000258 
   7.42491   0.001668   0.000284 
   7.45515   0.001666   0.000282 
   7.48540   0.001484   0.000301 
   7.51564   0.001472   0.000163 
   7.57612   0.001569   0.000147 
   7.63660   0.001385   0.000173 
   7.69709   0.001618   0.000161 
   7.75757   0.001653   0.000114 
   7.81805   0.001614   0.000110 
   7.87854   0.001456   0.000112 
   7.93902   0.001410   0.000108 
   7.99951   0.001216   0.000100 
   8.05999   0.001218   0.000099 
   8.12047   0.001199   0.000098 
   8.18096   0.001287   0.000093 
   8.24144   0.001329   0.000091 
   8.30192   0.001169   0.000102 
   8.36241   0.001181   0.000098 
   8.42289   0.001212   0.000083 
   8.48337   0.001236   0.000083 
   8.54386   0.001193   0.000090 
   8.60434   0.001126   0.000112 
   8.66483   0.001105   0.000098 
   8.72531   0.001086   0.000098 
   8.78579   0.001194   0.000097 
   8.84628   0.001014   0.000091 
   8.90676   0.000871   0.000108 
   8.96724   0.000941   0.000132 
   9.02773   0.000865   0.000107 
   9.08821   0.000885   0.000098 
   9.14869   0.000902   0.000111 
   9.20918   0.000888   0.000117 
   9.26966   0.000997   0.000120 
   9.33015   0.000795   0.000108 
   9.39063   0.001008   0.000122 
   9.45111   0.001026   0.000116 
   9.51160   0.000815   0.000114 
   9.57208   0.000743   0.000112 
   9.63256   0.000923   0.000108 
   9.69305   0.000969   0.000115 
   9.75353   0.000792   0.000125 
   9.81401   0.000833   0.000172 
   9.87450   0.000740   0.000131 
   9.93498   0.000906   0.000105 
   9.99547   0.000817   0.000111 
  10.05595   0.000783   0.000114 
  10.11643   0.000832   0.000101 
  10.17692   0.000893   0.000097 
  10.23740   0.000961   0.000099 
  10.29788   0.001026   0.000105 
  10.35837   0.000803   0.000110 
  10.41885   0.000703   0.000117 
  10.47933   0.000699   0.000110 
  10.53982   0.000703   0.000112 
  10.60030   0.000926   0.000139 
  10.66079   0.000748   0.000119 
  10.72127   0.000571   0.000124 
  10.78175   0.000683   0.000156 
  10.84224   0.000836   0.000142 
  10.90272   0.000787   0.000131 
  10.96320   0.000631   0.000136 
  11.02369   0.000558   0.000136 
  11.08417   0.000743   0.000135 
  11.14465   0.000771   0.000135 
  11.20514   0.000639   0.000142 
  11.26562   0.000645   0.000140 
  11.32611   0.000800   0.000153 
  11.38659   0.000503   0.000143 
  11.44707   0.000529   0.000143 
  11.50756   0.000866   0.000145 
  11.56804   0.000515   0.000162 
  11.62852   0.000738   0.000156 
  11.68901   0.000734   0.000184 
  11.74949   0.000651   0.000190 
  11.80997   0.000519   0.000155 
  11.87046   0.000586   0.000153 
  11.93094   0.000756   0.000156 
  11.99143   0.000473   0.000158 
  12.05191   0.000796   0.000156 
  12.11239   0.000819   0.000198 
  12.17288   0.000808   0.000170 
  12.23336   0.000620   0.000155 
  12.29384   0.000836   0.000147 
  12.35433   0.000663   0.000150 
  12.41481   0.000609   0.000146 
  12.47529   0.000498   0.000158 
  12.53578   0.000480   0.000151 
  12.59626   0.000498   0.000151 
  12.65675   0.000396   0.000151 
  12.71723   0.000559   0.000151 
  12.77771   0.000474   0.000154 
  12.83820   0.000786   0.000157 
  12.89868   0.000815   0.000161 
  12.95916   0.000805   0.000159 
  13.01965   0.000590   0.000174 
  13.08013   0.000470   0.000178 
  13.14061   0.000676   0.000194 
  13.20110   0.000640   0.000193 
  13.26158   0.000569   0.000198 
  13.32206   0.000663   0.000199 
  13.38255   0.000578   0.000205 
  13.44303   0.000429   0.000221 
  13.50352   0.000317   0.000258 
  13.56400   0.000711   0.000211 
  13.62448   0.000694   0.000221 
  13.68497   0.000488   0.000225 
  13.74545   0.000449   0.000216 
  13.80593   0.000680   0.000232 
  13.86642   0.000503   0.000222 
  13.92690   0.000642   0.000250 
  13.98738   0.000691   0.000237 
  14.04787   0.000721   0.000241 
  14.10835   0.000801   0.000259 
  14.16884   0.000436   0.000263 
