#  wl(um)    flux(Jy)  eflux(Jy) 
   5.21725   0.002305   0.000190 
   5.24749   0.002083   0.000250 
   5.27773   0.002144   0.000248 
   5.30797   0.002124   0.000151 
   5.33821   0.002184   0.000185 
   5.36846   0.002414   0.000145 
   5.39870   0.002124   0.000157 
   5.42894   0.002089   0.000175 
   5.45918   0.001977   0.000218 
   5.48942   0.001806   0.000135 
   5.51967   0.002047   0.000123 
   5.54991   0.002001   0.000134 
   5.58015   0.001973   0.000133 
   5.61039   0.001993   0.000139 
   5.64063   0.002053   0.000136 
   5.67088   0.002037   0.000126 
   5.70112   0.001724   0.000126 
   5.73136   0.001929   0.000121 
   5.76160   0.002112   0.000126 
   5.79184   0.002023   0.000129 
   5.82209   0.001964   0.000120 
   5.85233   0.001867   0.000134 
   5.88257   0.001820   0.000136 
   5.91281   0.001860   0.000125 
   5.94305   0.001902   0.000139 
   5.97330   0.002115   0.000127 
   6.00354   0.002220   0.000142 
   6.03378   0.002213   0.000203 
   6.06402   0.002169   0.000135 
   6.09426   0.002034   0.000129 
   6.12451   0.001876   0.000127 
   6.15475   0.001908   0.000132 
   6.18499   0.002091   0.000133 
   6.21523   0.002144   0.000133 
   6.24547   0.002254   0.000129 
   6.27572   0.002173   0.000135 
   6.30596   0.001962   0.000143 
   6.33620   0.002261   0.000149 
   6.36644   0.002255   0.000153 
   6.39668   0.001997   0.000152 
   6.42693   0.001853   0.000147 
   6.45717   0.001703   0.000152 
   6.48741   0.001495   0.000163 
   6.51765   0.001444   0.000181 
   6.54789   0.001534   0.000182 
   6.57814   0.001683   0.000175 
   6.60838   0.001336   0.000176 
   6.63862   0.001571   0.000172 
   6.66886   0.001218   0.000159 
   6.69910   0.001146   0.000159 
   6.72935   0.001530   0.000157 
   6.75959   0.001533   0.000170 
   6.78983   0.001352   0.000184 
   6.82007   0.001364   0.000212 
   6.85031   0.001274   0.000191 
   6.88056   0.001339   0.000190 
   6.91080   0.001593   0.000195 
   6.94104   0.001827   0.000248 
   6.97128   0.001782   0.000417 
   7.00152   0.001407   0.000196 
   7.03177   0.001347   0.000260 
   7.06201   0.001494   0.000232 
   7.09225   0.001534   0.000220 
   7.12249   0.001294   0.000203 
   7.15273   0.001453   0.000229 
   7.18298   0.001438   0.000220 
   7.21322   0.001449   0.000231 
   7.24346   0.001531   0.000266 
   7.27370   0.001305   0.000344 
   7.30394   0.001396   0.000255 
   7.33419   0.001233   0.000290 
   7.36443   0.001342   0.000264 
   7.39467   0.001402   0.000253 
   7.42491   0.001309   0.000262 
   7.45515   0.001397   0.000273 
   7.48540   0.001518   0.000284 
   7.51564   0.001270   0.000173 
   7.57612   0.001596   0.000168 
   7.63660   0.001585   0.000153 
   7.69709   0.001515   0.000142 
   7.75757   0.001405   0.000170 
   7.81805   0.001152   0.000168 
   7.87854   0.001082   0.000119 
   7.93902   0.001344   0.000169 
   7.99951   0.001485   0.000122 
   8.05999   0.001451   0.000107 
   8.12047   0.001105   0.000099 
   8.18096   0.001183   0.000103 
   8.24144   0.001418   0.000120 
   8.30192   0.001403   0.000164 
   8.36241   0.001352   0.000091 
   8.42289   0.001028   0.000090 
   8.48337   0.000992   0.000094 
   8.54386   0.001264   0.000095 
   8.60434   0.001232   0.000091 
   8.66483   0.001115   0.000100 
   8.72531   0.001055   0.000103 
   8.78579   0.001068   0.000102 
   8.84628   0.000966   0.000099 
   8.90676   0.001038   0.000098 
   8.96724   0.001211   0.000101 
   9.02773   0.000932   0.000106 
   9.08821   0.001076   0.000104 
   9.14869   0.001006   0.000106 
   9.20918   0.000967   0.000110 
   9.26966   0.001043   0.000109 
   9.33015   0.001295   0.000107 
   9.39063   0.000900   0.000125 
   9.45111   0.001153   0.000115 
   9.51160   0.001205   0.000117 
   9.57208   0.001056   0.000119 
   9.63256   0.001019   0.000118 
   9.69305   0.001065   0.000119 
   9.75353   0.000876   0.000118 
   9.81401   0.000786   0.000115 
   9.87450   0.000868   0.000116 
   9.93498   0.001061   0.000105 
   9.99547   0.001142   0.000111 
  10.05595   0.000877   0.000105 
  10.11643   0.001221   0.000106 
  10.17692   0.001177   0.000111 
  10.23740   0.000935   0.000107 
  10.29788   0.000735   0.000111 
  10.35837   0.000665   0.000116 
  10.41885   0.000726   0.000144 
  10.47933   0.000730   0.000123 
  10.53982   0.000742   0.000157 
  10.60030   0.000796   0.000150 
  10.66079   0.001065   0.000129 
  10.72127   0.000885   0.000132 
  10.78175   0.001005   0.000136 
  10.84224   0.000819   0.000194 
  10.90272   0.000680   0.000191 
  10.96320   0.000767   0.000146 
  11.02369   0.001057   0.000149 
  11.08417   0.001048   0.000151 
  11.14465   0.000804   0.000154 
  11.20514   0.000796   0.000149 
  11.26562   0.000882   0.000159 
  11.32611   0.000928   0.000151 
  11.38659   0.000944   0.000153 
  11.44707   0.000889   0.000160 
  11.50756   0.000869   0.000160 
  11.56804   0.000993   0.000170 
  11.62852   0.001032   0.000180 
  11.68901   0.001213   0.000172 
  11.74949   0.000981   0.000172 
  11.80997   0.000761   0.000176 
  11.87046   0.000812   0.000174 
  11.93094   0.000805   0.000196 
  11.99143   0.000636   0.000175 
  12.05191   0.000578   0.000177 
  12.11239   0.000667   0.000176 
  12.17288   0.000853   0.000175 
  12.23336   0.001023   0.000173 
  12.29384   0.000976   0.000175 
  12.35433   0.000803   0.000176 
  12.41481   0.000703   0.000172 
  12.47529   0.000920   0.000177 
  12.53578   0.000779   0.000168 
  12.59626   0.000839   0.000171 
  12.65675   0.000951   0.000176 
  12.71723   0.000859   0.000172 
  12.77771   0.000887   0.000171 
  12.83820   0.000915   0.000179 
  12.89868   0.000923   0.000203 
  12.95916   0.000836   0.000212 
  13.01965   0.000587   0.000215 
  13.08013   0.000592   0.000210 
  13.14061   0.000928   0.000207 
  13.20110   0.000538   0.000220 
  13.26158   0.000451   0.000223 
  13.32206   0.000568   0.000231 
  13.38255   0.000659   0.000232 
  13.44303   0.000603   0.000303 
  13.50352   0.000663   0.000238 
  13.56400   0.000511   0.000241 
  13.62448   0.000446   0.000246 
  13.68497   0.000828   0.000246 
  13.74545   0.000865   0.000250 
  13.80593   0.000690   0.000265 
  13.86642   0.000673   0.000267 
  13.92690   0.000657   0.000273 
  13.98738   0.000625   0.000271 
  14.04787   0.000633   0.000278 
  14.10835   0.000682   0.000284 
  14.16884   0.000692   0.000309 
