#  wl(um)    flux(Jy)  eflux(Jy) 
   5.21725   0.002557   0.000173 
   5.24749   0.002875   0.000129 
   5.27773   0.003081   0.000115 
   5.30797   0.002790   0.000110 
   5.33821   0.002329   0.000100 
   5.36846   0.002400   0.000115 
   5.39870   0.002680   0.000127 
   5.42894   0.002819   0.000112 
   5.45918   0.002859   0.000098 
   5.48942   0.002812   0.000102 
   5.51967   0.002567   0.000084 
   5.54991   0.002637   0.000092 
   5.58015   0.002780   0.000112 
   5.61039   0.002955   0.000166 
   5.64063   0.002654   0.000098 
   5.67088   0.002602   0.000108 
   5.70112   0.002421   0.000092 
   5.73136   0.002667   0.000114 
   5.76160   0.002823   0.000103 
   5.79184   0.002476   0.000119 
   5.82209   0.002476   0.000112 
   5.85233   0.002517   0.000133 
   5.88257   0.002776   0.000091 
   5.91281   0.002489   0.000150 
   5.94305   0.002649   0.000212 
   5.97330   0.002744   0.000153 
   6.00354   0.002800   0.000104 
   6.03378   0.002921   0.000102 
   6.06402   0.002924   0.000102 
   6.09426   0.003119   0.000107 
   6.12451   0.002978   0.000163 
   6.15475   0.002799   0.000172 
   6.18499   0.002865   0.000256 
   6.21523   0.002859   0.000244 
   6.24547   0.002675   0.000101 
   6.27572   0.002692   0.000122 
   6.30596   0.002882   0.000118 
   6.33620   0.002956   0.000110 
   6.36644   0.002680   0.000117 
   6.39668   0.002470   0.000116 
   6.42693   0.002786   0.000388 
   6.45717   0.002703   0.000119 
   6.48741   0.002086   0.000112 
   6.51765   0.002267   0.000114 
   6.54789   0.002247   0.000115 
   6.57814   0.002192   0.000115 
   6.60838   0.002099   0.000121 
   6.63862   0.001857   0.000142 
   6.66886   0.001963   0.000119 
   6.69910   0.001760   0.000140 
   6.72935   0.001773   0.000128 
   6.75959   0.002292   0.000144 
   6.78983   0.002236   0.000139 
   6.82007   0.002418   0.000227 
   6.85031   0.002127   0.000134 
   6.88056   0.001993   0.000139 
   6.91080   0.001880   0.000140 
   6.94104   0.002212   0.000156 
   6.97128   0.002351   0.000168 
   7.00152   0.002485   0.000169 
   7.03177   0.002414   0.000277 
   7.06201   0.002297   0.000351 
   7.09225   0.002151   0.000281 
   7.12249   0.002180   0.000239 
   7.15273   0.002210   0.000190 
   7.18298   0.002570   0.000134 
   7.21322   0.002753   0.000147 
   7.24346   0.002706   0.000163 
   7.27370   0.002901   0.000427 
   7.30394   0.003355   0.000405 
   7.33419   0.003309   0.000315 
   7.36443   0.002393   0.000179 
   7.39467   0.002127   0.000163 
   7.42491   0.002202   0.000146 
   7.45515   0.002507   0.000159 
   7.48540   0.002575   0.000163 
   7.51564   0.001932   0.000067 
   7.57612   0.002140   0.000064 
   7.63660   0.001886   0.000060 
   7.69709   0.001997   0.000053 
   7.75757   0.001979   0.000047 
   7.81805   0.001779   0.000046 
   7.87854   0.001831   0.000046 
   7.93902   0.001879   0.000045 
   7.99951   0.001897   0.000042 
   8.05999   0.001736   0.000041 
   8.12047   0.001621   0.000041 
   8.18096   0.001623   0.000042 
   8.24144   0.001569   0.000052 
   8.30192   0.001686   0.000062 
   8.36241   0.001478   0.000046 
   8.42289   0.001423   0.000038 
   8.48337   0.001434   0.000044 
   8.54386   0.001478   0.000037 
   8.60434   0.001288   0.000038 
   8.66483   0.001277   0.000037 
   8.72531   0.001394   0.000070 
   8.78579   0.001415   0.000081 
   8.84628   0.001242   0.000055 
   8.90676   0.001176   0.000054 
   8.96724   0.001298   0.000048 
   9.02773   0.001221   0.000055 
   9.08821   0.001323   0.000047 
   9.14869   0.001196   0.000047 
   9.20918   0.001061   0.000048 
   9.26966   0.001098   0.000050 
   9.33015   0.001076   0.000064 
   9.39063   0.001241   0.000055 
   9.45111   0.001163   0.000053 
   9.51160   0.001011   0.000050 
   9.57208   0.001140   0.000050 
   9.63256   0.000942   0.000051 
   9.69305   0.001303   0.000060 
   9.75353   0.001259   0.000063 
   9.81401   0.001151   0.000077 
   9.87450   0.000991   0.000065 
   9.93498   0.001012   0.000051 
   9.99547   0.001153   0.000068 
  10.05595   0.001015   0.000053 
  10.11643   0.000904   0.000052 
  10.17692   0.000941   0.000054 
  10.23740   0.000847   0.000054 
  10.29788   0.001004   0.000055 
  10.35837   0.001171   0.000059 
  10.41885   0.001212   0.000065 
  10.47933   0.001199   0.000065 
  10.53982   0.001213   0.000071 
  10.60030   0.001224   0.000059 
  10.66079   0.001059   0.000059 
  10.72127   0.001063   0.000062 
  10.78175   0.001124   0.000076 
  10.84224   0.001038   0.000063 
  10.90272   0.001055   0.000070 
  10.96320   0.000991   0.000072 
  11.02369   0.001215   0.000076 
  11.08417   0.001171   0.000081 
  11.14465   0.001155   0.000082 
  11.20514   0.001341   0.000081 
  11.26562   0.001413   0.000087 
  11.32611   0.001426   0.000108 
  11.38659   0.001287   0.000084 
  11.44707   0.001361   0.000085 
  11.50756   0.001161   0.000086 
  11.56804   0.001238   0.000088 
  11.62852   0.001003   0.000087 
  11.68901   0.001002   0.000089 
  11.74949   0.000989   0.000087 
  11.80997   0.001008   0.000085 
  11.87046   0.000964   0.000082 
  11.93094   0.001079   0.000097 
  11.99143   0.001148   0.000084 
  12.05191   0.001178   0.000082 
  12.11239   0.001112   0.000112 
  12.17288   0.001263   0.000102 
  12.23336   0.000984   0.000097 
  12.29384   0.001138   0.000084 
  12.35433   0.001155   0.000099 
  12.41481   0.000942   0.000095 
  12.47529   0.001038   0.000090 
  12.53578   0.000974   0.000093 
  12.59626   0.000755   0.000089 
  12.65675   0.000488   0.000102 
  12.71723   0.000550   0.000099 
  12.77771   0.000987   0.000100 
  12.83820   0.001061   0.000089 
  12.89868   0.001102   0.000088 
  12.95916   0.001067   0.000091 
  13.01965   0.000990   0.000088 
  13.08013   0.001094   0.000093 
  13.14061   0.001153   0.000088 
  13.20110   0.000957   0.000098 
  13.26158   0.001018   0.000115 
  13.32206   0.001063   0.000106 
  13.38255   0.000899   0.000127 
  13.44303   0.001002   0.000112 
  13.50352   0.000969   0.000124 
  13.56400   0.000773   0.000121 
  13.62448   0.000703   0.000127 
  13.68497   0.000702   0.000112 
  13.74545   0.000942   0.000115 
  13.80593   0.000863   0.000116 
  13.86642   0.000949   0.000117 
  13.92690   0.001207   0.000124 
  13.98738   0.000925   0.000117 
  14.04787   0.001040   0.000123 
  14.10835   0.000797   0.000168 
  14.16884   0.000932   0.000127 
