# wl(um)  flux(Jy) eflux(Jy)
  2.58167 4.9E-5   1.99E-4  
  2.59135 2.0E-5   1.98E-4  
  2.60102 -6.1E-5  1.95E-4  
  2.6107  -7.6E-5  1.91E-4  
  2.62038 -2.0E-6  1.77E-4  
  2.63005 3.7E-5   1.62E-4  
  2.63973 1.27E-4  1.73E-4  
  2.6494  8.4E-5   1.77E-4  
  2.65908 3.8E-5   1.78E-4  
  2.66876 1.6E-5   1.73E-4  
  2.67843 -4.7E-5  1.64E-4  
  2.68811 -9.2E-5  1.66E-4  
  2.69779 -1.7E-5  1.73E-4  
  2.70746 -8.3E-5  1.71E-4  
  2.71714 1.2E-5   1.73E-4  
  2.72681 5.2E-5   1.86E-4  
  2.73649 1.05E-4  1.9E-4   
  2.74617 8.0E-6   1.92E-4  
  2.75584 7.5E-5   1.89E-4  
  2.76552 -1.2E-5  1.78E-4  
  2.7752  -4.7E-5  1.85E-4  
  2.78487 2.4E-5   1.83E-4  
  2.79455 -4.6E-5  1.86E-4  
  2.80422 -9.3E-5  1.85E-4  
  2.8139  -1.03E-4 1.8E-4   
  2.82358 -1.0E-5  1.86E-4  
  2.83325 -9.6E-5  1.82E-4  
  2.84293 2.21E-4  1.87E-4  
  2.85261 7.4E-5   1.89E-4  
  2.86228 1.55E-4  1.85E-4  
  2.87196 3.07E-4  1.86E-4  
  2.88163 3.6E-4   1.7E-4   
  2.89131 3.15E-4  1.74E-4  
  2.90099 2.85E-4  1.77E-4  
  2.91066 1.29E-4  1.79E-4  
  2.92034 1.45E-4  1.76E-4  
  2.93002 2.45E-4  1.74E-4  
  2.93969 3.94E-4  1.77E-4  
  2.94937 2.77E-4  1.74E-4  
  2.95904 3.16E-4  1.75E-4  
  2.96872 2.56E-4  1.78E-4  
  2.9784  3.61E-4  1.82E-4  
  2.98807 3.61E-4  1.81E-4  
  2.99775 5.67E-4  1.79E-4  
  3.00743 5.9E-4   1.74E-4  
  3.0171  6.38E-4  1.77E-4  
  3.02678 7.07E-4  1.8E-4   
  3.03645 6.58E-4  1.77E-4  
  3.04613 6.72E-4  1.67E-4  
  3.05581 6.04E-4  1.67E-4  
  3.06548 4.84E-4  1.69E-4  
  3.07516 4.33E-4  1.76E-4  
  3.08484 4.06E-4  1.8E-4   
  3.09451 5.16E-4  1.84E-4  
  3.10419 3.55E-4  1.86E-4  
  3.11386 4.14E-4  1.94E-4  
  3.12354 2.02E-4  1.88E-4  
  3.13322 1.42E-4  1.96E-4  
  3.14289 2.26E-4  2.01E-4  
  3.15257 2.4E-4   2.03E-4  
  3.16225 1.53E-4  2.03E-4  
  3.17192 7.8E-5   2.07E-4  
  3.1816  4.0E-6   2.1E-4   
  3.19127 1.15E-4  2.15E-4  
  3.20095 2.36E-4  2.23E-4  
  3.21063 2.64E-4  2.3E-4   
  3.2203  -4.9E-5  2.31E-4  
  3.22998 -2.1E-5  2.38E-4  
  3.23966 -1.25E-4 2.41E-4  
  3.24933 0.0      2.46E-4  
  3.25901 2.0E-5   2.4E-4   
  3.26868 1.24E-4  2.41E-4  
  3.27836 1.05E-4  2.46E-4  
  3.28804 2.38E-4  2.39E-4  
  3.29771 2.7E-5   2.33E-4  
  3.30739 -5.2E-5  2.37E-4  
  3.31707 -1.24E-4 2.39E-4  
  3.32674 -2.04E-4 2.41E-4  
  3.33642 -1.67E-4 2.43E-4  
  3.34609 -1.5E-4  2.41E-4  
  3.35577 -2.8E-5  2.48E-4  
  3.36545 1.3E-5   2.5E-4   
  3.37512 1.27E-4  2.45E-4  
  3.3848  9.0E-5   2.44E-4  
  3.39448 1.83E-4  2.5E-4   
  3.40415 1.16E-4  2.5E-4   
  3.41383 -2.1E-5  2.5E-4   
  3.4235  -4.7E-5  2.47E-4  
  3.43318 -2.3E-5  2.48E-4  
  3.44286 1.1E-5   2.46E-4  
  3.45253 -5.0E-5  2.48E-4  
  3.46221 7.2E-5   2.48E-4  
  3.47189 2.6E-4   2.47E-4  
  3.48156 2.9E-5   2.42E-4  
  3.49124 1.91E-4  2.41E-4  
  3.50091 3.09E-4  2.36E-4  
  3.51059 2.31E-4  2.35E-4  
  3.52027 1.56E-4  2.28E-4  
  3.52994 1.89E-4  2.3E-4   
  3.53962 6.6E-5   2.26E-4  
  3.5493  2.68E-4  2.23E-4  
  3.55897 -9.7E-5  2.21E-4  
  3.56865 7.0E-5   2.2E-4   
  3.57832 4.2E-5   2.18E-4  
  3.588   -5.9E-5  2.14E-4  
  3.59768 5.5E-5   2.11E-4  
  3.60735 5.3E-5   2.11E-4  
  3.61703 1.08E-4  2.07E-4  
  3.62671 1.46E-4  2.08E-4  
  3.63638 1.88E-4  2.1E-4   
  3.64606 4.12E-4  2.07E-4  
  3.65573 3.96E-4  2.03E-4  
  3.66541 4.02E-4  1.99E-4  
  3.67509 5.05E-4  1.99E-4  
  3.68476 5.05E-4  1.99E-4  
  3.69444 4.69E-4  1.99E-4  
  3.70412 4.35E-4  1.96E-4  
  3.71379 5.89E-4  1.99E-4  
  3.72347 6.13E-4  1.97E-4  
  3.73314 6.11E-4  1.98E-4  
  3.74282 8.36E-4  1.92E-4  
  3.7525  9.21E-4  1.92E-4  
  3.76217 0.001005 1.95E-4  
  3.77185 0.00111  1.97E-4  
  3.78153 0.001166 1.97E-4  
  3.7912  0.001133 1.97E-4  
  3.80088 9.16E-4  1.96E-4  
  3.81055 0.001033 1.95E-4  
  3.82023 0.001243 1.94E-4  
  3.82991 0.001336 1.97E-4  
  3.83958 0.001399 1.96E-4  
  3.84926 0.001542 1.98E-4  
  3.85894 0.001571 2.0E-4   
  3.86861 0.001358 1.97E-4  
  3.87829 0.001327 1.98E-4  
  3.88796 0.001513 1.95E-4  
  3.89764 0.001516 1.98E-4  
  3.90732 0.001714 1.99E-4  
  3.91699 0.001612 2.05E-4  
  3.92667 0.001574 2.08E-4  
  3.93635 0.001777 2.03E-4  
  3.94602 0.001877 2.04E-4  
  3.9557  0.002037 2.14E-4  
  3.96537 0.001993 2.22E-4  
  3.97505 0.002323 2.18E-4  
  3.98473 0.002398 2.13E-4  
  3.9944  0.002299 2.13E-4  
  4.00408 0.002612 2.15E-4  
  4.01376 0.002702 2.58E-4  
  4.02343 0.002808 2.81E-4  
  4.03311 0.002879 2.37E-4  
  4.04278 0.002879 2.69E-4  
  4.05246 0.002808 2.61E-4  
  4.06214 0.002681 2.36E-4  
  4.07181 0.003001 2.46E-4  
  4.08149 0.003166 2.29E-4  
  4.09117 0.002979 2.3E-4   
  4.10084 0.003063 2.29E-4  
  4.11052 0.0032   2.29E-4  
  4.12019 0.003324 2.33E-4  
  4.12987 0.003211 2.28E-4  
  4.13955 0.003059 2.32E-4  
  4.14922 0.003164 2.37E-4  
  4.1589  0.003401 2.51E-4  
  4.16858 0.003202 2.41E-4  
  4.17825 0.003115 2.26E-4  
  4.18793 0.002985 2.28E-4  
  4.1976  0.00293  2.28E-4  
  4.20728 0.002708 2.56E-4  
  4.21696 0.00273  2.63E-4  
  4.22663 0.002474 2.38E-4  
  4.23631 0.002473 2.33E-4  
  4.24599 0.002308 2.33E-4  
  4.25566 0.002174 2.34E-4  
  4.26534 0.002063 2.33E-4  
  4.27501 0.00239  2.33E-4  
  4.28469 0.002191 2.34E-4  
  4.29437 0.002278 2.34E-4  
  4.30404 0.002205 2.38E-4  
  4.31372 0.002213 2.57E-4  
  4.3234  0.001933 2.53E-4  
  4.33307 0.002376 2.67E-4  
  4.34275 0.002797 2.89E-4  
  4.35242 0.00279  2.58E-4  
  4.3621  0.002427 2.52E-4  
  4.37178 0.002441 2.44E-4  
  4.38145 0.002698 2.83E-4  
  4.39113 0.002903 2.92E-4  
  4.40081 0.002777 2.98E-4  
  4.41048 0.002727 3.18E-4  
  4.42016 0.002931 2.83E-4  
  4.42983 0.002881 2.88E-4  
  4.43951 0.002332 2.73E-4  
  4.44919 0.002316 2.8E-4   
  4.45886 0.002166 2.74E-4  
  4.46854 0.002167 2.69E-4  
  4.47822 0.002428 2.77E-4  
  4.48789 0.002516 2.84E-4  
  4.49757 0.002534 4.42E-4  
  4.50724 0.002399 4.65E-4  
  4.51692 0.001961 3.43E-4  
  4.5266  0.001792 3.24E-4  
  4.53627 0.001531 3.38E-4  
  4.54595 0.001738 3.51E-4  
  4.55563 0.001412 3.28E-4  
  4.5653  0.001524 3.33E-4  
  4.57498 0.001432 3.44E-4  
  4.58465 0.001491 3.59E-4  
  4.59433 0.001178 3.42E-4  
  4.60401 0.001314 3.43E-4  
  4.61368 0.001075 3.72E-4  
  4.62336 0.001635 4.29E-4  
  4.63304 0.001679 3.57E-4  
  4.64271 0.002077 3.61E-4  
  4.65239 0.001605 3.64E-4  
  4.66206 0.001662 3.83E-4  
  4.67174 0.001734 3.74E-4  
  4.68142 0.001915 3.81E-4  
  4.69109 0.001699 3.87E-4  
  4.70077 0.001577 3.9E-4   
  4.71045 0.001852 4.12E-4  
  4.72012 0.001845 4.22E-4  
  4.7298  0.001512 4.34E-4  
  4.73947 0.001322 4.23E-4  
  4.74915 0.001276 4.16E-4  
  4.75883 0.001647 4.38E-4  
  4.7685  0.001199 4.38E-4  
  4.77818 0.00118  4.47E-4  
  4.78786 0.001746 4.5E-4   
  4.79753 0.00153  4.59E-4  
  4.80721 0.001523 4.6E-4   
  4.81688 0.001693 4.89E-4  
  4.82656 0.001826 5.08E-4  
  4.83624 0.001664 5.26E-4  
  4.84591 0.001329 5.35E-4  
  4.85559 0.002018 5.96E-4  
  4.86527 0.002214 5.5E-4   
  4.87494 0.001707 5.22E-4  
  4.88462 0.001759 5.71E-4  
  4.89429 0.002004 5.81E-4  
  4.90397 0.002076 5.82E-4  
  4.91365 0.001954 6.08E-4  
  4.92332 0.001265 6.02E-4  
  4.933   0.001792 6.19E-4  
  4.94268 0.001661 6.24E-4  
  4.95235 0.001274 5.94E-4  
  4.96203 0.001378 5.96E-4  
  4.9717  0.001753 6.14E-4  
  4.98138 0.002449 5.89E-4  
  4.99106 0.002236 5.63E-4  
